inputdata/efficiency.csv
# %ECSV 0.9
# ---
# datatype:
# - {name: wavelength, unit: nm, datatype: float64}
# - {name: angle, unit: deg, datatype: float64}
# - {name: '4', datatype: float64}
# - {name: '3', datatype: float64}
# - {name: '2', datatype: float64}
# - {name: '1', datatype: float64}
# - {name: '0', datatype: float64}
# - {name: '-1', datatype: float64}
# - {name: '-2', datatype: float64}
# - {name: '-3', datatype: float64}
# - {name: '-4', datatype: float64}
# - {name: '-5', datatype: float64}
# - {name: '-6', datatype: float64}
# - {name: '-7', datatype: float64}
# - {name: '-8', datatype: float64}
# - {name: '-9', datatype: float64}
# - {name: '-10', datatype: float64}
# - {name: '-11', datatype: float64}
# - {name: '-12', datatype: float64}
# - {name: '-13', datatype: float64}
# - {name: '-14', datatype: float64}
# - {name: '-15', datatype: float64}
# meta: !!omap
# - {Author: Ralf Heilmann}
# - {ORIGFILE: Si_4um_deep_30pct_dc_extended.csv}
# - {Description: Calculated grating efficiencies}
# - {Grating: Si 4 my deep}
# schema: astropy-2.0
wavelength angle 4 3 2 1 0 -1 -2 -3 -4 -5 -6 -7 -8 -9 -10 -11 -12 -13 -14 -15
[from data line 516]
0.325 1.8 9.38e-05 0.0006614006 0.0066394924 0.0764950663 0.686245157 0.0907385077 0.0057352147 0.0006703045 0.0001141815 0.0001266358 8.33e-05 6.74e-06 1.42e-06 1.74e-05 7.95e-07 1.84e-06 6.17e-06 3.77e-06 2.35e-06 2.47e-06
0.325 1.85 7.25e-05 0.0005800056 0.0067789983 0.0691118751 0.70081142 0.0829802898 0.0059805015 0.0007373792 0.0001094704 7.45e-05 5.99e-05 1.5e-05 1.14e-06 1.09e-05 7.18e-06 5.3e-07 5.42e-06 6.48e-08 2.51e-06 6.03e-07
0.325 1.9 5.6e-05 0.0004916082 0.006809919 0.0619377611 0.715294256 0.0754783837 0.0062562727 0.0007774658 0.0001155963 3.18e-05 4.11e-05 2.39e-05 9.34e-06 8.02e-06 1.24e-05 2.55e-06 3.61e-06 3.94e-06 1.71e-06 1.68e-06
0.325 1.95 4.9e-05 0.0004051734 0.0067267795 0.0551167145 0.729121089 0.0681132743 0.0064956412 0.0007833352 0.0001253007 1.05e-05 3e-05 2.67e-05 2.03e-05 8.48e-06 1.04e-05 5.27e-06 2.66e-06 6.64e-06 1.29e-06 2.43e-06
0.325 2.0 5.42e-05 0.00032462 0.0065358615 0.0485861441 0.742546773 0.0609813412 0.0066860308 0.0007574022 0.0001325191 1.64e-05 2.67e-05 2.31e-05 2.54e-05 1e-05 4.29e-06 4.77e-06 3.06e-06 3.65e-06 1.6e-06 1.15e-06
0.325 2.05 7.1e-05 0.0002528686 0.0062305864 0.0423731226 0.755777344 0.0542084621 0.0067981144 0.0007027052 0.000132887 4.57e-05 2.82e-05 1.62e-05 2.06e-05 1.04e-05 4.16e-07 1.84e-06 4.04e-06 2.16e-07 1.4e-06 7.51e-07
0.325 2.1 9.48e-05 0.0001952961 0.0058188902 0.0365988673 0.768215889 0.0477163201 0.0067981984 0.0006293375 0.0001224589 8.6e-05 3.03e-05 9.96e-06 9.73e-06 9.7e-06 1.68e-06 3.91e-07 3.95e-06 1.09e-06 7.33e-07 1.61e-06
0.325 2.15 0.0001204033 0.0001500658 0.0053216 0.0312266224 0.780020496 0.0415563959 0.0066865521 0.0005444928 0.0001034992 0.0001238861 3.12e-05 6.9e-06 1.04e-06 8.51e-06 5.13e-06 2.57e-06 2.93e-06 3.58e-06 9.61e-07 1.7e-06
0.325 2.2 0.0001415643 0.0001151661 0.004761404 0.0262570491 0.791471268 0.0358407004 0.0064624313 0.0004554189 8.2e-05 0.0001456956 2.98e-05 6.7e-06 1.54e-06 7.28e-06 6.29e-06 5.36e-06 1.74e-06 2.9e-06 1.55e-06 7.2e-07
0.325 2.25 0.0001527435 9e-05 0.0041564657 0.0217662723 0.802055183 0.0305234204 0.0061263022 0.0003709183 6.26e-05 0.0001446582 2.66e-05 7.66e-06 1e-05 5.5e-06 4.11e-06 4.9e-06 1.68e-06 5.45e-07 1.1e-06 5.85e-07
0.325 2.3 0.000151253 7.12e-05 0.0035280407 0.0177227344 0.811855299 0.0256169526 0.0056914546 0.0002938381 5.06e-05 0.0001213173 2.24e-05 8.29e-06 1.93e-05 3.93e-06 1.44e-06 1.64e-06 2.58e-06 1.99e-07 4.33e-07 1.48e-06
0.325 2.35 0.0001370302 5.67e-05 0.0029025249 0.0141126914 0.821143324 0.0211864395 0.005174162 0.0002278289 5.04e-05 8.32e-05 1.83e-05 8.5e-06 2.16e-05 3.56e-06 5.41e-07 3.58e-07 3.14e-06 1.6e-06 1.03e-06 1.36e-06
0.325 2.4 0.0001133163 4.45e-05 0.0023019473 0.0109579813 0.829515423 0.0172045409 0.0045984755 0.0001752197 6.21e-05 4.29e-05 1.47e-05 8.64e-06 1.55e-05 4.57e-06 1.35e-06 2.92e-06 2.13e-06 1.77e-06 1.73e-06 4.03e-07
0.325 2.45 8.42e-05 3.35e-05 0.0017420835 0.0082380005 0.836961777 0.0136593355 0.0039862345 0.0001342552 8.31e-05 1.25e-05 1.14e-05 9.38e-06 5.79e-06 5.54e-06 2.18e-06 5.78e-06 7.96e-07 5.57e-07 9.87e-07 5.77e-07
0.325 2.5 5.46e-05 2.33e-05 0.0012412682 0.0059434289 0.84347079 0.0105622057 0.0033576602 0.0001038923 0.0001090164 3.2e-07 8.58e-06 1.06e-05 1.52e-07 5.23e-06 2.1e-06 4.91e-06 1.08e-06 2.95e-08 2.35e-07 1.53e-06
0.325 2.55 2.91e-05 1.41e-05 0.0008140509 0.004058194 0.849024851 0.0079010227 0.0027369626 8.16e-05 0.0001329906 9.05e-06 6.21e-06 1.09e-05 2.94e-06 3.51e-06 1.4e-06 1.49e-06 2.6e-06 6.27e-07 1.12e-06 1.17e-06
0.325 2.6 1.08e-05 6.7e-06 0.00047138 0.0025631335 0.853630807 0.0056633017 0.0021447652 6.49e-05 0.0001491025 3.48e-05 4.81e-06 9.58e-06 1.19e-05 1.84e-06 8.51e-07 1.4e-07 2.98e-06 9.7e-07 1.89e-06 2.08e-07
0.325 2.65 1.47e-06 1.81e-06 0.0002205597 0.0014362333 0.857324375 0.0038325063 0.0015993654 5.15e-05 0.000153465 6.88e-05 4.66e-06 6.87e-06 2.01e-05 1.64e-06 7.84e-07 2.53e-06 1.47e-06 4.46e-07 9.79e-07 7.47e-07
0.325 2.7 9.54e-07 1.8e-07 6.46e-05 0.0006527558 0.860149939 0.0023889201 0.0011173238 3.99e-05 0.0001448737 0.0001007244 6.02e-06 3.91e-06 2.16e-05 3.21e-06 1.02e-06 5.25e-06 3.89e-07 7.1e-09 1.68e-07 1.62e-06
0.325 2.75 7.75e-06 2.18e-06 1.82e-06 0.0001853053 0.862170656 0.0013102804 0.0007122196 2.93e-05 0.0001250977 0.0001212711 8.56e-06 2.18e-06 1.54e-05 5.03e-06 1.23e-06 4.63e-06 1.25e-06 2.21e-07 9.71e-07 8.86e-07
0.325 2.8 1.93e-05 7.83e-06 2.64e-05 4.6e-06 0.863442067 0.0005714094 0.0003939798 1.94e-05 9.78e-05 0.0001249132 1.14e-05 2.33e-06 6.19e-06 5.37e-06 1.18e-06 1.55e-06 2.58e-06 5.58e-07 1.59e-06 6.82e-08
0.325 2.85 3.25e-05 1.67e-05 0.0001288936 8.01e-05 0.864025525 0.000144655 0.0001688335 1.09e-05 6.78e-05 0.0001111752 1.35e-05 3.83e-06 4.29e-07 3.72e-06 8.89e-07 1.12e-07 2.18e-06 4.05e-07 7.41e-07 9.3e-07
0.325 2.9 4.46e-05 2.8e-05 0.000297299 0.0003816596 0.86398332 5e-07 3.85e-05 4.36e-06 4e-05 8.43e-05 1.36e-05 5.46e-06 1.66e-06 1.38e-06 5.89e-07 2e-06 6.34e-07 5.61e-08 1.04e-07 1.48e-06
0.325 2.95 5.35e-05 4.05e-05 0.0005172164 0.0008800014 0.863382503 0.0001083909 1.89e-07 7.27e-07 1.81e-05 5.2e-05 1.14e-05 6.17e-06 8.21e-06 3.54e-07 4.8e-07 4.53e-06 2.83e-07 6.72e-08 8.33e-07 4.71e-07
0.325 3.0 5.79e-05 5.25e-05 0.0007725325 0.0015471803 0.862290617 0.0004382518 4.69e-05 5.45e-07 4.61e-06 2.29e-05 7.46e-06 5.56e-06 1.49e-05 1.56e-06 5.08e-07 4.41e-06 1.67e-06 3.32e-07 1.41e-06 1.35e-07
0.325 3.05 5.74e-05 6.29e-05 0.0010463467 0.002356033 0.860779415 0.0009610136 0.0001685585 4.05e-06 1.58e-07 4.37e-06 3.19e-06 3.98e-06 1.7e-05 3.94e-06 4.9e-07 1.9e-06 2.66e-06 3.47e-07 7.26e-07 1.1e-06
0.325 3.1 5.26e-05 7.05e-05 0.0013219296 0.0032806218 0.858914413 0.0016488741 0.0003523862 1.11e-05 3.88e-06 4.5e-07 4.68e-07 2.17e-06 1.32e-05 5.41e-06 3.46e-07 1.24e-07 1.71e-06 1.07e-07 1.15e-07 1.18e-06
0.325 3.15 4.45e-05 7.47e-05 0.0015838304 0.0042967447 0.856762293 0.0024747761 0.000583486 2.11e-05 1.36e-05 1.08e-05 6.91e-07 8.19e-07 6.32e-06 4.61e-06 1.85e-07 1.01e-06 2.39e-07 1.04e-08 6.29e-07 1.82e-07
0.325 3.2 3.46e-05 7.54e-05 0.0018182963 0.0053818649 0.854391843 0.0034130269 0.0008454453 3.3e-05 2.64e-05 3.11e-05 4.05e-06 2.41e-07 1.01e-06 2.17e-06 1.64e-07 3.02e-06 4.2e-07 1.72e-07 1.15e-06 2.9e-07
0.325 3.25 2.44e-05 7.33e-05 0.0020140792 0.0065146655 0.851883891 0.0044396628 0.0011212943 4.55e-05 3.93e-05 5.44e-05 9.36e-06 3.31e-07 4.19e-07 2.67e-07 2.75e-07 3.47e-06 1.96e-06 2.83e-07 6.91e-07 1.23e-06
0.325 3.3 1.56e-05 6.92e-05 0.002162977 0.007674923 0.849320626 0.0055323302 0.0013945984 5.7e-05 4.99e-05 7.35e-05 1.45e-05 7.42e-07 4.22e-06 6.81e-07 3.55e-07 1.9e-06 2.54e-06 1.85e-07 1.45e-07 9.28e-07
0.325 3.35 9.53e-06 6.42e-05 0.00226021 0.0088442418 0.84677391 0.0066698751 0.0016503176 6.64e-05 5.65e-05 8.29e-05 1.75e-05 1.13e-06 9.17e-06 3.2e-06 2.84e-07 2.87e-07 1.32e-06 8.07e-08 3.83e-07 4.55e-08
0.325 3.4 6.97e-06 5.91e-05 0.0023036604 0.0100053646 0.844305422 0.0078322839 0.0018753063 7.26e-05 5.82e-05 8.02e-05 1.7e-05 1.29e-06 1.15e-05 5.68e-06 1.25e-07 3.79e-07 7.89e-08 1.21e-07 7.55e-07 4.39e-07
0.35 0.4 0.0064134352 0.0132068657 0.0511037456 0.192691787 0.296874002 0.186105073 0.0664736799 0.0126496258 0.0057099961 0.0106941539 0.0111886135 0.0050632035 0.0032084443 0.0070395305 0.004630456 0.000804123 0.0002140822 1.18e-05 5.79e-05 1.27e-05
0.35 0.45 0.0054375908 0.0142468001 0.0476206711 0.195684417 0.295851347 0.189435511 0.0627507594 0.0117913449 0.0061408658 0.0093371639 0.009443251 0.0046237653 0.0030984082 0.0075943767 0.0060705734 0.0012681468 0.0008017693 0.000143373 1.57e-05 4.07e-05
0.35 0.5 0.0043317744 0.0150590627 0.0444565232 0.198324664 0.296843358 0.19267432 0.0588594656 0.0112482865 0.0066167211 0.0078171941 0.0074385196 0.0039787477 0.0027751962 0.0070892152 0.0066536969 0.0016463932 0.0016785585 0.0009749701 2.78e-05 3.83e-05
0.35 0.55 0.0032035123 0.0154820283 0.0415367076 0.200424225 0.300065726 0.195668459 0.0549291953 0.0111087763 0.0070661186 0.0062430699 0.0054750924 0.003241726 0.0022865893 0.005702736 0.0061279199 0.0017992011 0.0024885134 0.0025533647 0.0003130279 8.35e-06
0.35 0.6 0.0021623723 0.0153995345 0.0388260184 0.201721131 0.305677086 0.198310885 0.0511429605 0.0114226985 0.0074141361 0.0047300701 0.0038070613 0.002528551 0.0017098642 0.0038997283 0.004720819 0.0016628743 0.0028321793 0.0042092562 0.0009721709 4.87e-05
0.35 0.65 0.0013156176 0.01474695 0.0363221944 0.202147811 0.313604352 0.200414062 0.0476563642 0.0121664483 0.0075951888 0.0033840951 0.0025774542 0.0019194748 0.0011391935 0.0022011067 0.0029961147 0.0012944814 0.0025284375 0.0049555467 0.001738125 0.0002400189
0.35 0.7 0.0007098062 0.0136264301 0.0339052483 0.201920936 0.32325322 0.201715784 0.0444892022 0.0131892057 0.0075319807 0.0022654346 0.0017822049 0.0014287394 0.0006524697 0.0009601884 0.0015124132 0.000831323 0.0017376862 0.0043015814 0.0021021295 0.0005041166
0.35 0.75 0.0003167412 0.0122556239 0.0314277565 0.201248915 0.333780396 0.202146827 0.0415672174 0.014231037 0.0071483028 0.0013919214 0.0013024381 0.0010174074 0.0002966673 0.0002746807 0.0005603826 0.0004162144 0.0008525985 0.0026785431 0.0017858691 0.0006379699
0.35 0.8 9.57e-05 0.010754263 0.028920153 0.200068311 0.344759114 0.201922783 0.0388542849 0.0150484954 0.0064323358 0.0007618123 0.0009895058 0.0006509094 8.73e-05 3.42e-05 0.0001273629 0.0001402121 0.00023986 0.0010652369 0.0010322739 0.0005226449
0.35 0.85 1.29e-05 0.0091554958 0.0264908031 0.198420338 0.356072373 0.201253268 0.0363487452 0.015478871 0.0054607962 0.0003623487 0.0007369218 0.0003374612 8.18e-06 3.52e-05 2.6e-05 1.84e-05 1.82e-05 0.0001747823 0.0003506761 0.0002611151
0.35 0.9 2.47e-05 0.0075637077 0.0240833902 0.19654973 0.36748648 0.200075746 0.033931978 0.015405555 0.0043567034 0.0001515567 0.0004921426 0.0001140516 1.39e-05 8.94e-05 5.11e-05 3.71e-06 4.21e-05 7.44e-06 3.7e-05 5.85e-05
0.35 0.95 9.1e-05 0.0060656136 0.0216779221 0.194364262 0.378994755 0.198429766 0.0314555679 0.0147622232 0.0032279145 6.46e-05 0.000256899 9.44e-06 4.7e-05 9.95e-05 7.93e-05 2.69e-05 9.49e-05 0.0001175055 1.23e-05 7.34e-06
0.35 1.0 0.0001764104 0.0046547738 0.0194192041 0.191417455 0.391248239 0.196560161 0.0289476863 0.0136477987 0.002183683 4.78e-05 8.47e-05 2.64e-05 6.63e-05 7.01e-05 8.48e-05 4.07e-05 7.75e-05 0.0001535611 5.6e-05 3.61e-05
0.35 1.05 0.0002453755 0.0033957957 0.0173091965 0.187801127 0.404480848 0.194377861 0.0265176677 0.0122798771 0.0013318651 6.58e-05 3.48e-05 0.0001311564 5.96e-05 4.65e-05 8.39e-05 3.43e-05 2.58e-05 8.22e-05 5.46e-05 4.22e-05
0.35 1.1 0.000287114 0.0023913839 0.0152378647 0.183871441 0.418069045 0.191435981 0.0241106656 0.0107805715 0.0007208601 8.84e-05 0.0001058517 0.0002502036 3.57e-05 4.5e-05 7.5e-05 1.79e-05 6.19e-07 1.63e-05 2.29e-05 1.48e-05
0.35 1.15 0.0003038706 0.0016153495 0.0133315807 0.179353426 0.432012592 0.187822253 0.02170466 0.0091829903 0.000323573 0.0001004169 0.0002407352 0.0003082384 1.26e-05 4.99e-05 4.76e-05 4.85e-06 1.14e-05 7.75e-06 1.94e-06 2.44e-06
0.35 1.2 0.0002884002 0.0010461995 0.0116838391 0.174017937 0.446928749 0.18389465 0.0194438724 0.0075901532 9.9e-05 0.0001052614 0.0003712346 0.0002811939 5.45e-06 4.48e-05 1.52e-05 3.04e-06 2.63e-05 2.43e-05 2.14e-06 1.44e-05
0.35 1.25 0.0002488645 0.0007041012 0.0101910002 0.168298115 0.462376892 0.179381637 0.017333216 0.0060905894 1.36e-05 9.98e-05 0.0004343823 0.0001943626 1.27e-05 2.81e-05 4.65e-06 8.19e-06 2.08e-05 2.75e-05 8.85e-06 1.72e-05
0.35 1.3 0.0002022843 0.0005393023 0.0089293112 0.162101704 0.477999377 0.174050021 0.0152613043 0.0046782189 2.37e-05 8.22e-05 0.0004044948 9.33e-05 2.18e-05 1.68e-05 2.38e-05 1.05e-05 6.75e-06 1.83e-05 8.95e-06 4.49e-06
0.35 1.35 0.0001579223 0.0005033807 0.0079887561 0.155059399 0.494512318 0.168332043 0.0133522152 0.0034156241 8.91e-05 6.73e-05 0.0003159017 2.28e-05 2.33e-05 2.88e-05 5.3e-05 7.9e-06 5.91e-06 1.32e-05 3.96e-06 6.43e-07
0.35 1.4 0.0001258927 0.0005641177 0.0072812144 0.147611231 0.511493373 0.162140284 0.0117021625 0.0024067876 0.0001745073 6.13e-05 0.0002118353 1.72e-06 1.5e-05 5.16e-05 6.08e-05 5.72e-06 1.36e-05 1.03e-05 4.98e-07 8.09e-06
0.35 1.45 0.0001114701 0.0006668954 0.0068164792 0.139980184 0.528112578 0.155102727 0.0102076852 0.0016272835 0.0002440902 6.58e-05 0.0001151046 1.62e-05 4.35e-06 5.87e-05 3.68e-05 7.15e-06 1.42e-05 5.12e-06 6.82e-07 9.29e-06
0.35 1.5 0.0001123698 0.0007778825 0.0066156565 0.131869524 0.54499807 0.147655705 0.0089424252 0.0010542791 0.0002863932 8.87e-05 5.21e-05 4.38e-05 3.91e-07 4.43e-05 7.73e-06 9.28e-06 8.18e-06 6.22e-06 2.59e-06 2.72e-06
0.35 1.55 0.0001218885 0.0008737471 0.0065838996 0.123509647 0.562181273 0.140027099 0.0079985133 0.00070841 0.0003038254 0.0001215292 3.39e-05 6.56e-05 4.45e-06 2.12e-05 1.52e-06 7.64e-06 5.22e-06 1.26e-05 2.88e-06 7.76e-07
0.35 1.6 0.0001334273 0.000934907 0.0066707438 0.115254176 0.578767528 0.131919806 0.0072885334 0.0005410371 0.0002891071 0.0001548286 5.04e-05 6.89e-05 1.32e-05 7.91e-06 1.64e-05 3.65e-06 7.93e-06 1.12e-05 1.46e-06 4.91e-06
0.35 1.65 0.0001394779 0.0009556522 0.0068603697 0.106951516 0.595062766 0.123560236 0.0068204537 0.0005030075 0.0002499395 0.0001831795 8.48e-05 5.42e-05 2.07e-05 1.05e-05 2.95e-05 2.06e-06 8.76e-06 2.51e-06 1.49e-06 4.98e-06
0.35 1.7 0.0001339975 0.0009351999 0.00707986 0.0985626689 0.611602824 0.115304774 0.0066168934 0.0005624434 0.0002034024 0.000192416 0.0001132548 3.04e-05 2.15e-05 2.06e-05 2.54e-05 4.08e-06 5.05e-06 1.48e-06 3.07e-06 1.03e-06
0.35 1.75 0.0001188548 0.0008777779 0.0072734938 0.0903767676 0.627767087 0.107003408 0.0065835829 0.0006648516 0.0001588943 0.0001795255 0.0001239653 1.08e-05 1.52e-05 2.81e-05 1.11e-05 5.84e-06 3.32e-06 1.05e-05 3.3e-06 1.23e-06
0.35 1.8 9.84e-05 0.0007938432 0.0074342742 0.0823744763 0.643399503 0.0986146328 0.0066688875 0.0007758733 0.0001264673 0.0001447668 0.000113178 4.45e-06 5.35e-06 2.61e-05 1e-06 4.19e-06 5.81e-06 1.27e-05 2.27e-06 3.98e-06
0.35 1.85 7.75e-05 0.0006899622 0.0075218988 0.0744358686 0.659159153 0.090427647 0.0068575671 0.000872204 0.0001116185 9.56e-05 8.56e-05 1.06e-05 2.35e-07 1.75e-05 2.22e-06 1.28e-06 7.9e-06 4.38e-06 2.31e-06 3.03e-06
0.35 1.9 6.28e-05 0.0005789188 0.0074961632 0.0667637823 0.674666449 0.0824251813 0.0070771805 0.0009341366 0.0001122224 4.94e-05 5.74e-05 2.22e-05 3.71e-06 9.66e-06 1.01e-05 5.7e-07 5.95e-06 6.6e-08 2.73e-06 7.13e-07
0.35 1.95 5.91e-05 0.0004721634 0.0073562401 0.0594404481 0.689446908 0.0744862016 0.0072710424 0.0009556381 0.0001215926 1.85e-05 3.62e-05 2.99e-05 1.39e-05 7.4e-06 1.44e-05 2.95e-06 3.15e-06 4.89e-06 1.97e-06 1.71e-06
0.35 2.0 6.93e-05 0.0003721101 0.0071050395 0.052382065 0.703991568 0.0668123979 0.0074324461 0.0009359455 0.0001331887 1.4e-05 2.7e-05 2.98e-05 2.32e-05 9.95e-06 1.05e-05 5.2e-06 2.65e-06 7.86e-06 1.46e-06 2.65e-06
0.35 2.05 9.09e-05 0.0002850495 0.0067330298 0.045685067 0.718235511 0.0594873352 0.0075213791 0.0008792116 0.0001394526 3.62e-05 2.78e-05 2.33e-05 2.44e-05 1.27e-05 3.32e-06 4.28e-06 4.11e-06 4.04e-06 1.83e-06 1.32e-06
0.35 2.1 0.0001184682 0.000216172 0.0062534296 0.0394510151 0.731618889 0.0524276136 0.0074970071 0.0007956931 0.0001342867 7.5e-05 3.25e-05 1.5e-05 1.65e-05 1.29e-05 3.15e-07 1.22e-06 4.89e-06 1.99e-07 1.47e-06 8.05e-07
0.35 2.15 0.0001462344 0.0001619001 0.0056936 0.0336322854 0.744421838 0.0457283225 0.0073586167 0.0006920888 0.0001193543 0.0001166146 3.64e-05 9.26e-06 5.24e-06 1.03e-05 2.8e-06 5.17e-07 3.96e-06 1.33e-06 7.51e-07 1.84e-06
0.35 2.2 0.0001663323 0.0001208054 0.0050693417 0.0282592601 0.756806458 0.0394914033 0.0071090866 0.0005811287 9.9e-05 0.0001462758 3.69e-05 7.39e-06 8.85e-09 7.97e-06 6.55e-06 3.18e-06 2.44e-06 4.04e-06 9.69e-07 1.72e-06
0.35 2.25 0.0001735344 9.23e-05 0.0043981655 0.0233957691 0.768291177 0.0336702926 0.0067384569 0.000474233 7.8e-05 0.0001535235 3.42e-05 7.92e-06 4.59e-06 6.22e-06 6.9e-06 5.65e-06 1.84e-06 3.31e-06 1.55e-06 7.39e-07
