inputdata/efficiency.csv
# %ECSV 0.9
# ---
# datatype:
# - {name: wavelength, unit: nm, datatype: float64}
# - {name: angle, unit: deg, datatype: float64}
# - {name: '4', datatype: float64}
# - {name: '3', datatype: float64}
# - {name: '2', datatype: float64}
# - {name: '1', datatype: float64}
# - {name: '0', datatype: float64}
# - {name: '-1', datatype: float64}
# - {name: '-2', datatype: float64}
# - {name: '-3', datatype: float64}
# - {name: '-4', datatype: float64}
# - {name: '-5', datatype: float64}
# - {name: '-6', datatype: float64}
# - {name: '-7', datatype: float64}
# - {name: '-8', datatype: float64}
# - {name: '-9', datatype: float64}
# - {name: '-10', datatype: float64}
# - {name: '-11', datatype: float64}
# - {name: '-12', datatype: float64}
# - {name: '-13', datatype: float64}
# - {name: '-14', datatype: float64}
# - {name: '-15', datatype: float64}
# meta: !!omap
# - {Author: Ralf Heilmann}
# - {ORIGFILE: Si_4um_deep_30pct_dc_extended.csv}
# - {Description: Calculated grating efficiencies}
# - {Grating: Si 4 my deep}
# schema: astropy-2.0
wavelength angle 4 3 2 1 0 -1 -2 -3 -4 -5 -6 -7 -8 -9 -10 -11 -12 -13 -14 -15
[from data line 1220]
0.61 0.4 0.0050113628 0.0184332738 0.0248172415 0.118817517 0.358371865 0.102704534 0.0383267174 0.0207603098 0.0169283566 0.0131233669 0.0148391983 0.0089992183 0.0014561371 9.99e-06 0.0003870872 6.91e-06 5.01e-05 8.76e-06 4.26e-06 5.54e-06
0.61 0.45 0.0038544612 0.0198006612 0.0232434348 0.124491257 0.339835239 0.106618681 0.0365465508 0.0195074803 0.0164549419 0.0132229103 0.0165110421 0.0122128452 0.0029184886 0.0001407046 0.0003466734 7.26e-05 6.18e-05 9.19e-06 1.45e-05 1.24e-05
0.61 0.5 0.002776759 0.0209196076 0.0220159003 0.130333995 0.320429129 0.111113559 0.0345909873 0.0181689904 0.0157563695 0.0129072447 0.0173916853 0.0151804182 0.0049293773 0.0007716851 0.0001354508 0.0001838642 3.06e-05 6.47e-05 1.54e-05 6.2e-06
0.61 0.55 0.0018945633 0.021541298 0.0212278307 0.136089275 0.300768033 0.116145293 0.0325596838 0.0169218459 0.0149146801 0.0122130077 0.0173782783 0.0173749355 0.0072429028 0.0021146384 4.1e-06 0.0002424345 6.11e-07 0.0001192158 4.87e-06 1.75e-07
0.61 0.6 0.0012698893 0.021490593 0.0209388701 0.141585019 0.281381985 0.121644191 0.0305342731 0.0159025653 0.0140077739 0.0112046067 0.0164723659 0.0183842459 0.009446492 0.0041620739 0.0004298107 0.0001614962 4.14e-05 9.23e-05 1.03e-05 1.35e-05
0.61 0.65 0.0009028316 0.0207037952 0.0211034436 0.146754286 0.262741231 0.127436341 0.0285461458 0.0152088347 0.0131000939 0.0099470848 0.0147799621 0.0180104818 0.0110445994 0.0066179641 0.0018908236 1.78e-05 0.0001487304 1.37e-05 4.28e-05 2.82e-05
0.61 0.7 0.0007545173 0.0192536636 0.0215834985 0.151519392 0.245265344 0.133263607 0.0266112314 0.0149105608 0.0122261768 0.0085103264 0.0125157288 0.016327776 0.0116163204 0.008941126 0.004531173 0.0001473481 0.0002113564 3.3e-05 5.65e-05 1.45e-05
0.61 0.75 0.0007561784 0.0173095264 0.0222579569 0.155751086 0.229295968 0.138901118 0.0248006881 0.0150465821 0.0113847572 0.0069961806 0.0099842633 0.013659231 0.0109994713 0.0104988302 0.0079113353 0.0010264793 0.0001322506 0.000218782 1.97e-05 1.02e-06
0.61 0.8 0.0008386072 0.0150304189 0.0230604452 0.159334375 0.215060099 0.144237558 0.023229776 0.0156024835 0.0105577398 0.0055319916 0.0075048137 0.010492298 0.0093688582 0.0108130606 0.0110722193 0.0029144865 3.84e-05 0.0003836452 1.28e-05 3.08e-05
0.61 0.85 0.0009457068 0.012555932 0.0239213711 0.162114162 0.202832742 0.149217 0.0220060375 0.0165310238 0.0097428373 0.0042322426 0.0053347505 0.0073639652 0.007152003 0.0097824381 0.0129565435 0.0054997923 0.0003189078 0.0002774589 0.0001234121 5.84e-05
0.61 0.9 0.0010104542 0.0100776153 0.0247633133 0.163909207 0.19293534 0.153728839 0.0212225257 0.0177648572 0.0089334179 0.0031666257 0.0036387669 0.00470969 0.0048435892 0.0077333435 0.0129072096 0.0079059923 0.0013267285 2.26e-05 0.0002425718 3.07e-05
0.61 0.95 0.0009895625 0.007777107 0.0254993243 0.16478213 0.185379143 0.157646982 0.0209382227 0.0191496473 0.0080857731 0.002364252 0.0024663015 0.002747714 0.0028508031 0.0052606486 0.010941578 0.0091377436 0.0029552809 0.0002200093 0.0001693525 8.73e-06
0.61 1.0 0.0008891746 0.0057844053 0.0259833955 0.165032083 0.179820366 0.160850319 0.0211063927 0.0204239205 0.007151145 0.0018162762 0.0017392859 0.001481432 0.0014120105 0.0029731847 0.0077447038 0.0086504974 0.0045150513 0.0014582515 3.09e-06 5.62e-05
0.61 1.05 0.0007333569 0.0041892782 0.0261287991 0.164860995 0.175806432 0.163146795 0.0215886539 0.0213142558 0.0061146858 0.0014673749 0.001303526 0.0007800202 0.0005652586 0.0012907535 0.0043813999 0.0066617577 0.0051382253 0.0035828505 0.0002899829 8.73e-05
0.61 1.1 0.000554989 0.0029824956 0.0260243644 0.164276668 0.172852798 0.164447047 0.022264484 0.0216063874 0.004989919 0.0012385286 0.0010081651 0.0004519368 0.0001847498 0.0003505641 0.0017929457 0.0040275288 0.0044440031 0.0054874028 0.0015434771 3.1e-05
0.61 1.15 0.0003823307 0.002120198 0.0257694793 0.163182726 0.170687527 0.164967719 0.023067802 0.0211770004 0.0038335211 0.0010684129 0.0007526856 0.000316507 8.31e-05 2.61e-05 0.0003889408 0.0017495992 0.0028556163 0.0059021259 0.0034874825 0.0001209299
0.61 1.2 0.0002261417 0.0016088851 0.0253713211 0.161417464 0.169472774 0.164993808 0.0239288304 0.0200325287 0.0027586431 0.000920873 0.0005029939 0.0002640142 0.0001001306 4.56e-05 1.99e-06 0.0004227693 0.0012486841 0.004530575 0.0049685716 0.0007056728
0.61 1.25 0.0001033128 0.0014375275 0.0248000772 0.158926775 0.169508167 0.164621985 0.0247702367 0.0183061166 0.001880941 0.0007692415 0.00028427 0.0002538612 0.0001323271 0.0001487549 0.0001467364 1.37e-05 0.0002853691 0.0023286604 0.0049112018 0.0016579393
0.61 1.3 3.23e-05 0.0015393029 0.0239749525 0.155997382 0.170781034 0.163797141 0.0255047139 0.0161739017 0.0012611607 0.0006010663 0.0001473172 0.0002715704 0.000134129 0.0001931958 0.0003532402 9.09e-05 3.81e-05 0.0006202327 0.0033590425 0.0022773906
0.61 1.35 1.12e-05 0.0018235485 0.0228973018 0.152814166 0.17312228 0.16238678 0.0259859963 0.013774572 0.0008984968 0.000420283 0.0001214551 0.0002997022 0.0001043989 0.0001578151 0.0003841527 0.0002243331 0.0001397414 9.91e-06 0.0014314497 0.0020114865
0.61 1.4 2.93e-05 0.0021658789 0.0217458803 0.149157491 0.176512445 0.160240908 0.0261287451 0.0112726784 0.0007535001 0.0002409649 0.0002040881 0.0003197686 6.14e-05 9.07e-05 0.0002588642 0.0002237414 0.0002113424 0.0001565377 0.0002444694 0.0011034208
0.61 1.45 6.93e-05 0.0024967893 0.0205995577 0.14484636 0.180994578 0.157481976 0.0260228342 0.0088673052 0.000757088 9.35e-05 0.0003643229 0.0003112798 2.48e-05 4.91e-05 0.0001115391 0.0001214173 0.0001425398 0.0003758292 7.57e-06 0.0003028224
0.61 1.5 0.0001152455 0.0027670516 0.0194299357 0.139746396 0.186916138 0.154433472 0.0257668853 0.0067102941 0.0008403941 1.49e-05 0.000533744 0.0002607002 9.11e-06 4.79e-05 3.63e-05 2.74e-05 3.68e-05 0.0003121135 0.000180655 2.76e-05
0.61 1.55 0.0001480001 0.0028989685 0.0182705291 0.133836626 0.19451289 0.151046681 0.0253675949 0.0049157658 0.0009473295 1.76e-05 0.0006332399 0.000179895 1.29e-05 6.1e-05 3.88e-05 6.57e-08 9.05e-07 9.93e-05 0.0002391986 6.84e-05
0.61 1.6 0.0001596547 0.0028967354 0.017087995 0.127423175 0.203399821 0.147073327 0.024794814 0.0035266453 0.0010108419 8.55e-05 0.0006117387 9.49e-05 2.17e-05 6.21e-05 6.72e-05 1.49e-05 3.3e-05 1.16e-06 0.0001136569 8.02e-05
0.61 1.65 0.0001605193 0.0027558193 0.0159448725 0.120552972 0.21331907 0.142386203 0.0239676096 0.0024986133 0.000988514 0.0001849709 0.0004685053 3.63e-05 2.43e-05 4.88e-05 7.56e-05 2.65e-05 6.23e-05 5.65e-05 9.9e-06 2.22e-05
0.61 1.7 0.0001543109 0.0024921364 0.0149163934 0.113035159 0.224221624 0.136855127 0.0228888025 0.0018138914 0.0008870523 0.0002756241 0.0002685227 2.94e-05 1.72e-05 4.09e-05 6.42e-05 1.95e-05 4.85e-05 0.0001193226 2.25e-05 1.43e-05
0.61 1.75 0.0001513216 0.0021738998 0.0139024284 0.105007783 0.23603959 0.130653998 0.0217376041 0.0014822475 0.0007306504 0.0003302676 0.0001060796 6.66e-05 6.33e-06 5.44e-05 5e-05 5.82e-06 1.8e-05 9.47e-05 5.73e-05 5.22e-05
0.61 1.8 0.0001678924 0.0018090273 0.0129261533 0.0965216333 0.248952102 0.124037771 0.0205913471 0.0014603642 0.0005522554 0.0003323924 3.86e-05 0.0001113005 2.18e-06 7.5e-05 3.66e-05 4.06e-08 7.28e-06 2.81e-05 4.06e-05 4.81e-05
0.61 1.85 0.0001972908 0.001443551 0.0119486598 0.0877491658 0.262737039 0.116848111 0.0194218776 0.0016692359 0.0003798467 0.0002794829 7.1e-05 0.0001284896 8.83e-06 7.68e-05 2.27e-05 2.6e-06 1.66e-05 2.66e-06 8.99e-06 9.04e-06
0.61 1.9 0.0002354111 0.0011203254 0.0109094381 0.0791093492 0.276743683 0.109047737 0.0182626817 0.0019978184 0.0002240354 0.0002001832 0.0001653177 0.0001041171 2.28e-05 5.38e-05 1.15e-05 5.89e-06 2.5e-05 2.2e-05 5.4e-06 4.83e-06
0.61 1.95 0.0002823698 0.0008213032 0.0099127295 0.0705117323 0.291024416 0.100799135 0.0170801782 0.002337625 0.0001019114 0.0001233583 0.0002568678 5.54e-05 3.24e-05 2.12e-05 9.96e-06 5.94e-06 1.87e-05 3.36e-05 1.59e-05 2.58e-05
0.61 2.0 0.0003153104 0.0005861923 0.0088737821 0.0621148021 0.305234536 0.0921101795 0.0159379908 0.0026482367 3.17e-05 6.38e-05 0.0003006676 1.5e-05 2.7e-05 7.86e-06 2.05e-05 2.66e-06 8.66e-06 2.1e-05 1.39e-05 2.21e-05
0.61 2.05 0.000332963 0.0003933373 0.0078435097 0.0540321246 0.319426995 0.0833848172 0.0149101312 0.0028529523 1.12e-05 3.34e-05 0.0002768575 2.46e-08 1.23e-05 2.51e-05 2.89e-05 9.82e-08 8.58e-06 6.06e-06 3.77e-06 3.61e-06
0.61 2.1 0.0003326018 0.0002438842 0.00684908 0.0461794316 0.333912583 0.0747855474 0.013896361 0.0029134845 2.98e-05 3.02e-05 0.0002015798 1.06e-05 1.14e-06 5.25e-05 2.47e-05 8.21e-07 1.22e-05 4.91e-06 1.05e-06 1.93e-06
0.61 2.15 0.0003024815 0.000145195 0.0058223107 0.0389369783 0.347881752 0.0662424224 0.012920601 0.0028436374 6.98e-05 5.03e-05 0.0001166691 3.03e-05 2.86e-06 6.25e-05 1.13e-05 2.62e-06 1.11e-05 9.48e-06 2.85e-06 1.13e-05
0.61 2.2 0.000259768 7.62e-05 0.0048792617 0.0322627861 0.361409552 0.058029388 0.0119429081 0.0026321842 0.0001157766 7.97e-05 4.71e-05 4.27e-05 1.51e-05 4.25e-05 6.82e-07 2.9e-06 5.99e-06 8.03e-06 2.35e-06 9.55e-06
0.61 2.25 0.0002030144 3.85e-05 0.0039472075 0.0261780102 0.374184801 0.0500368805 0.0109038971 0.0023352402 0.0001482523 0.0001048049 1.12e-05 4.34e-05 2.55e-05 1.26e-05 3.18e-06 8.49e-07 5.28e-06 5.17e-06 8.46e-07 1.46e-06
0.61 2.3 0.0001440585 1.64e-05 0.0030867444 0.0208513533 0.385795002 0.0424511078 0.0099075482 0.0019940052 0.0001597053 0.0001255008 1.4e-05 3.47e-05 2.61e-05 8.57e-07 1.21e-05 1.34e-07 9.58e-06 4.01e-06 6.73e-07 2.08e-06
0.61 2.35 9.1e-05 5.93e-06 0.0023335738 0.0160472847 0.397148915 0.0355302411 0.0088685114 0.0016177919 0.0001604833 0.0001305275 4.01e-05 2.4e-05 1.53e-05 1.07e-05 1.59e-05 2.29e-06 8.75e-06 2.09e-06 7.67e-07 4.95e-06
0.61 2.4 4.84e-05 2.11e-06 0.0016424874 0.0120031696 0.407253529 0.0291079852 0.0078388418 0.0012765621 0.0001542205 0.0001220231 7.12e-05 1.7e-05 3.52e-06 2.79e-05 1.18e-05 4.52e-06 3.57e-06 9.06e-07 2.04e-07 3.38e-06
0.61 2.45 2e-05 1.72e-06 0.001090646 0.0086050693 0.416488994 0.0234293875 0.0068444928 0.0009632055 0.0001513778 0.0001003796 8.54e-05 1.27e-05 3.08e-07 3.19e-05 4.66e-06 3.3e-06 1.2e-06 1.74e-06 3.23e-08 9.93e-07
0.61 2.5 5.35e-06 2.8e-06 0.0006268831 0.0058232893 0.424639832 0.018366347 0.0058181199 0.0006938895 0.0001681416 6.71e-05 8.15e-05 9.47e-06 5.62e-06 2.04e-05 1.73e-06 2.03e-07 5.47e-06 3.88e-06 5.05e-07 2.09e-06
0.61 2.55 3.08e-06 6.17e-06 0.0002930239 0.0036941317 0.431052838 0.013916053 0.0048756005 0.0004850849 0.0001975948 3.63e-05 6.16e-05 7.75e-06 1.55e-05 5.8e-06 3.64e-06 1.57e-06 9.68e-06 3.07e-06 1.24e-06 3.65e-06
0.61 2.6 1e-05 1.24e-05 8.7e-05 0.002046562 0.437135805 0.0102339519 0.0039437819 0.0003102935 0.0002358147 1.12e-05 3.27e-05 8.04e-06 2.17e-05 1.04e-07 6.75e-06 6.03e-06 6.08e-06 4.48e-07 8.07e-07 1.75e-06
0.61 2.65 2.27e-05 2.22e-05 2.13e-06 0.0009354465 0.441865349 0.0071194561 0.00308403 0.000189452 0.0002827357 3.88e-06 1.07e-05 1.04e-05 2.19e-05 6.15e-06 7.41e-06 7.91e-06 7.6e-07 5.92e-07 9.33e-08 1.14e-06
0.61 2.7 3.84e-05 3.65e-05 3.49e-05 0.0002695509 0.445902171 0.0046898446 0.0023312473 0.0001066102 0.0003155001 1.64e-05 4.75e-07 1.52e-05 1.46e-05 1.47e-05 5.28e-06 4.13e-06 1.94e-06 2.97e-06 3.83e-07 2.49e-06
0.61 2.75 5.43e-05 5.44e-05 0.0001761487 1.11e-05 0.449194923 0.0028060271 0.0016406951 5.38e-05 0.0003330531 4.91e-05 3.12e-06 2.14e-05 5.93e-06 1.8e-05 3.19e-06 1.97e-07 8.2e-06 3.5e-06 1.47e-06 2.65e-06
0.61 2.8 6.68e-05 7.37e-05 0.0004057592 0.0001129304 0.450834662 0.0014242507 0.0010893359 2.63e-05 0.0003324938 9.16e-05 1.35e-05 2.58e-05 1.92e-06 1.27e-05 2.91e-06 1.65e-06 9.12e-06 1.24e-06 1.53e-06 1.14e-06
0.61 2.85 7.66e-05 9.43e-05 0.0007062587 0.000533271 0.452556968 0.0005526263 0.0006259384 9.52e-06 0.0003022322 0.000134982 2.68e-05 2.55e-05 4.75e-06 4.19e-06 4.06e-06 5.92e-06 3.44e-06 7.34e-07 2.78e-07 1.37e-06
0.61 2.9 7.97e-05 0.0001111825 0.0010550712 0.0012035662 0.453027733 8.96e-05 0.0002924911 3.73e-06 0.0002594881 0.0001686405 3.55e-05 2.23e-05 1.33e-05 7.93e-07 4.79e-06 7.19e-06 1.87e-07 3.07e-06 2.8e-07 2.78e-06
0.61 2.95 7.79e-05 0.0001271242 0.0014173436 0.0021045887 0.453506063 2.09e-05 8.67e-05 1.48e-06 0.0002026846 0.0001801691 3.77e-05 1.73e-05 2.1e-05 3.93e-06 4.2e-06 3.89e-06 3.4e-06 3.85e-06 1.57e-06 1.85e-06
0.61 3.0 7.15e-05 0.0001377592 0.0017861755 0.0031957846 0.453618074 0.0002865797 2.1e-06 2.14e-06 0.0001437988 0.0001705334 3.3e-05 1.31e-05 2.27e-05 9.13e-06 2.79e-06 5.04e-07 7.07e-06 1.6e-06 1.55e-06 3.94e-07
0.61 3.05 6.11e-05 0.0001436265 0.0021344411 0.0043853113 0.452746403 0.000841219 3.5e-05 4.13e-06 9.08e-05 0.0001400549 2.45e-05 1.16e-05 1.69e-05 1.13e-05 2.05e-06 4.5e-07 5.19e-06 4.74e-07 2.68e-07 1.42e-06
0.61 3.1 4.98e-05 0.000145488 0.0024478946 0.0057351837 0.452145505 0.0016237376 0.0001762997 8.9e-06 4.82e-05 9.88e-05 1.45e-05 1.21e-05 7.32e-06 7.98e-06 2.8e-06 3.05e-06 8.85e-07 2.08e-06 4.99e-07 2.45e-06
0.61 3.15 3.76e-05 0.0001411817 0.0027122894 0.0071066099 0.450611581 0.0026366923 0.000405885 1.67e-05 1.99e-05 5.48e-05 6.86e-06 1.44e-05 5.6e-07 3.08e-06 3.61e-06 4.98e-06 5.7e-07 2.93e-06 1.81e-06 9.83e-07
0.61 3.2 2.73e-05 0.0001381057 0.0029115766 0.0085700294 0.449426317 0.0037713806 0.0007063036 2.92e-05 5.33e-06 2.09e-05 2.42e-06 1.64e-05 1.68e-06 4.11e-07 3.16e-06 3.82e-06 3.3e-06 1.22e-06 1.64e-06 1.88e-07
0.61 3.25 1.94e-05 0.0001323438 0.0030394984 0.0100847409 0.448031166 0.0050490643 0.0010549981 4.46e-05 3.08e-06 2.16e-06 1.46e-06 1.74e-05 9.88e-06 1.69e-06 2.32e-06 9.77e-07 4.52e-06 4.56e-07 3.31e-07 2.05e-06
0.61 3.3 1.56e-05 0.000129627 0.0031003166 0.0115682931 0.446209882 0.0064148549 0.0014171405 6.45e-05 1e-05 2.34e-06 2.73e-06 1.75e-05 1.9e-05 4.96e-06 2.38e-06 3.52e-08 2.52e-06 1.91e-06 3.46e-07 2.4e-06
0.61 3.35 1.57e-05 0.0001296289 0.0030852815 0.0131287078 0.444567048 0.0078257461 0.0017858396 8.33e-05 2.27e-05 1.89e-05 5.88e-06 1.57e-05 2.33e-05 7.59e-06 4.05e-06 1.72e-06 4.24e-07 2.74e-06 1.35e-06 4.6e-07
0.61 3.4 1.93e-05 0.0001312595 0.0030060285 0.0145873511 0.442376021 0.0093263379 0.0021340321 0.0001037668 3.84e-05 4.65e-05 1.02e-05 1.26e-05 2.01e-05 7.68e-06 5.62e-06 3.84e-06 1.04e-06 1.44e-06 1.34e-06 3.81e-07
0.615 0.4 0.0047940638 0.0180618772 0.0244752856 0.118384847 0.359427381 0.102507627 0.0381498255 0.0205764931 0.0168874756 0.0131112064 0.0145636614 0.0085895843 0.0013022337 1.54e-05 0.0003767599 2.83e-06 4.59e-05 1.3e-05 2.89e-06 3.73e-06
0.615 0.45 0.0036703654 0.0193842714 0.0228811195 0.123944413 0.341118227 0.106316266 0.0363771866 0.0193423605 0.0164214485 0.0132417279 0.0162844001 0.0117653101 0.0026891856 9.6e-05 0.00036542 5.66e-05 6.47e-05 4.46e-06 1.24e-05 1.19e-05
0.615 0.5 0.002629784 0.0204621781 0.0216312778 0.129678339 0.321909269 0.110703286 0.0344236917 0.0180106528 0.0157269215 0.0129524866 0.0172320855 0.0147519199 0.0046391081 0.0006375508 0.0001712884 0.0001649976 3.93e-05 5.05e-05 1.66e-05 8.55e-06
0.615 0.55 0.0017842357 0.0210516489 0.0208120419 0.135328424 0.30241397 0.115619338 0.0323849008 0.0167589965 0.0148840638 0.0122752341 0.0172965059 0.0170248346 0.0069289329 0.0018732128 1.46e-06 0.0002398323 2.48e-06 0.0001125766 7.15e-06 1.33e-07
0.615 0.6 0.0011940307 0.0209862643 0.0204823673 0.140708203 0.283161773 0.120994293 0.0303453267 0.0157249465 0.0139662506 0.0112730587 0.0164702798 0.0181564146 0.009164175 0.0038346664 0.0003040104 0.0001835281 2.76e-05 0.0001046799 6.4e-06 9.06e-06
0.615 0.65 0.000856627 0.0202017508 0.0206101327 0.145746554 0.264620157 0.126669164 0.0283438848 0.0150067234 0.0130396934 0.0100157182 0.0148491081 0.0179246448 0.0108527669 0.0062653484 0.0015732791 3.52e-05 0.0001305599 2.67e-05 3.46e-05 2.73e-05
0.615 0.7 0.0007306974 0.0187646553 0.0210623345 0.150394019 0.247199748 0.132392907 0.0263941228 0.0146705388 0.012144601 0.0085770065 0.0126335187 0.0163754784 0.0115549786 0.0086439585 0.004023566 8.6e-05 0.0002131144 1.49e-05 5.74e-05 1.99e-05
