inputdata/efficiency.csv
# %ECSV 0.9
# ---
# datatype:
# - {name: wavelength, unit: nm, datatype: float64}
# - {name: angle, unit: deg, datatype: float64}
# - {name: '4', datatype: float64}
# - {name: '3', datatype: float64}
# - {name: '2', datatype: float64}
# - {name: '1', datatype: float64}
# - {name: '0', datatype: float64}
# - {name: '-1', datatype: float64}
# - {name: '-2', datatype: float64}
# - {name: '-3', datatype: float64}
# - {name: '-4', datatype: float64}
# - {name: '-5', datatype: float64}
# - {name: '-6', datatype: float64}
# - {name: '-7', datatype: float64}
# - {name: '-8', datatype: float64}
# - {name: '-9', datatype: float64}
# - {name: '-10', datatype: float64}
# - {name: '-11', datatype: float64}
# - {name: '-12', datatype: float64}
# - {name: '-13', datatype: float64}
# - {name: '-14', datatype: float64}
# - {name: '-15', datatype: float64}
# meta: !!omap
# - {Author: Ralf Heilmann}
# - {ORIGFILE: Si_4um_deep_30pct_dc_extended.csv}
# - {Description: Calculated grating efficiencies}
# - {Grating: Si 4 my deep}
# schema: astropy-2.0
wavelength angle 4 3 2 1 0 -1 -2 -3 -4 -5 -6 -7 -8 -9 -10 -11 -12 -13 -14 -15
[from data line 5270]
1.95 1.6 0.0001103464 0.0015739196 0.0053407324 0.0005957251 0.0177875143 0.0654345723 0.0332731612 0.0281730951 0.0367202928 0.12205993 0.280077257 0.0074228487 0.0145084781 0.0044150522 0.0006127666 0.0002467845 5.17e-05 1.91e-05 2.77e-05 7.54e-06
1.95 1.65 0.0001228315 0.0021706183 0.0066808412 0.00088802 0.0092892286 0.0526781712 0.0392008128 0.0246388315 0.0204935122 0.0882799217 0.312165844 0.0303522677 0.0155427595 0.0026805268 0.0005944122 0.0003594819 6.63e-05 9.3e-06 3.79e-05 5.41e-06
1.95 1.7 0.0001021129 0.0021248569 0.0061834617 0.0018447319 0.0035891401 0.044334413 0.0420692227 0.0192517746 0.0102138068 0.0630188154 0.312915519 0.0722865535 0.0130277121 0.0026466572 0.0004910892 0.0003147187 2.76e-05 2.05e-05 3.42e-05 6.99e-06
1.95 1.75 9.48e-05 0.0014650907 0.0042118731 0.0043248282 0.0010388068 0.0381755366 0.0407551602 0.0138853593 0.00661215 0.0453582454 0.282136664 0.130886187 0.0080988116 0.0056257897 0.0004117213 0.0001389347 1.27e-05 6.52e-05 1.76e-05 2.06e-06
1.95 1.8 0.0002243227 0.0006919561 0.0020287352 0.0083706058 0.0006763959 0.0316562216 0.0361004649 0.0103489043 0.0080227239 0.0325162893 0.22759696 0.197915968 0.0047315356 0.0110761973 0.0003575995 2.29e-05 9.29e-05 9.03e-05 2.83e-06 2.35e-06
1.95 1.85 0.0005226593 0.000375459 0.0008808803 0.0128157202 0.0010690853 0.0236170589 0.0303424131 0.0093928638 0.0113987083 0.0219898806 0.162342673 0.261055453 0.0086081394 0.0165319243 0.0003502008 8.25e-05 0.0001943846 5.12e-05 1.93e-06 1.5e-05
1.95 1.9 0.0008482531 0.0006925344 0.0011478639 0.015802814 0.0014410137 0.0148457795 0.0258195056 0.0104166198 0.0138457812 0.0128523744 0.100296812 0.307254127 0.0248379653 0.0189264816 0.0006259456 0.0002372364 0.0001886769 3.69e-06 8.73e-06 2.11e-05
1.95 1.95 0.0009939344 0.0013163511 0.002157455 0.0159414779 0.0021656706 0.0072456748 0.0236795067 0.0119065127 0.0138012189 0.0057137246 0.051901132 0.326390002 0.0556722902 0.0165948902 0.0016525865 0.000343128 8.47e-05 1.69e-05 1.06e-05 1.07e-05
1.95 2.0 0.0009114047 0.0017405938 0.0027754514 0.0133751567 0.0042535232 0.0023679164 0.0233171991 0.0122996424 0.0113816387 0.001696994 0.0214763745 0.314150904 0.0992808519 0.0107653694 0.0037822371 0.0003752275 9.04e-06 5.35e-05 9.14e-06 2.18e-06
1.95 2.05 0.0007872594 0.0017251576 0.0023271007 0.0099206461 0.0082274758 0.0003942782 0.0228963885 0.0108484928 0.0079298084 0.0012679948 0.007242947 0.273307171 0.150004932 0.0055278742 0.0066857164 0.0004147189 1.46e-05 4.53e-05 1.23e-05 3.97e-06
1.95 2.1 0.0008364357 0.0014621745 0.0011251032 0.0080032604 0.013279129 0.0002339212 0.0206276413 0.0080213971 0.0051052352 0.0036655849 0.0036198985 0.212886683 0.199836586 0.0061242844 0.0091219042 0.0005099786 3.91e-05 1.02e-05 2.2e-05 6.31e-06
1.95 2.15 0.0010423052 0.0013560788 0.0001720691 0.0089973722 0.0174463288 0.0005481931 0.0159809096 0.0052347178 0.0040161863 0.0071693458 0.0044002621 0.145586012 0.240428877 0.0164548083 0.0095234015 0.0006319064 3.98e-05 6.97e-06 3.34e-05 3.92e-06
1.95 2.2 0.0011811144 0.0016655935 0.0002845324 0.0121980206 0.0188262204 0.000815299 0.0100201495 0.0040251865 0.0047482917 0.0099019847 0.0052525088 0.0842045772 0.264917658 0.0371882517 0.0072186562 0.0007391494 5.4e-05 4.86e-05 3.28e-05 4.84e-06
1.95 2.25 0.0010884671 0.0023088942 0.0013786898 0.0152521337 0.0169730153 0.0015801168 0.004651497 0.005105429 0.0064368892 0.010634203 0.0046073919 0.0381153049 0.269200146 0.0655206586 0.0033932578 0.0008072278 0.0001339163 9.94e-05 1.56e-05 1.66e-05
1.95 2.3 0.0008567042 0.0029087821 0.0025338145 0.0157531868 0.0134295362 0.0037491298 0.0013577527 0.0078977967 0.0078098826 0.0091822968 0.0030037188 0.0110230539 0.252567741 0.0965798532 0.0008901679 0.0007987262 0.0002912736 0.0001167618 3.43e-06 2.49e-05
1.95 2.35 0.0007546844 0.0030793624 0.0027954514 0.0128706057 0.0109909202 0.0075647357 0.0003389818 0.0108324745 0.007880326 0.0063040739 0.0017359444 0.0008471179 0.217795708 0.125406266 0.0027932195 0.0006715372 0.0004795077 9.93e-05 7.69e-06 1.51e-05
1.95 2.4 0.0009159523 0.0028307946 0.0020748621 0.0078807841 0.0120608511 0.0120666285 0.0006047739 0.0122326849 0.00643946 0.0032517978 0.001711469 0.0016311585 0.17075148 0.14835658 0.0106838691 0.0004491293 0.0005923947 8.04e-05 1.07e-05 2.76e-06
1.95 2.45 0.0011606768 0.0026536067 0.0013406213 0.0032467811 0.0169892871 0.0154495537 0.0008717069 0.0112941012 0.0041427278 0.0012303838 0.0030046468 0.0065455264 0.11937216 0.163508797 0.0236754037 0.0002947021 0.0005321439 6.41e-05 8.52e-06 5.42e-06
1.95 2.5 0.0012027683 0.0030231153 0.0018108849 0.0009376675 0.0235038383 0.0161464507 0.0005580089 0.0085414383 0.0021592621 0.0009666382 0.005032852 0.0105228729 0.0720409194 0.170240806 0.0388224428 0.0005357451 0.0003324018 3.02e-05 1.62e-05 1.95e-05
1.95 2.55 0.0009706297 0.0038117377 0.0037736599 0.0011778673 0.0279104242 0.0139777402 0.0001123259 0.0054277931 0.0015370636 0.002470863 0.0069530078 0.0113935649 0.0355863746 0.168486122 0.0526655338 0.0015976927 0.0001948463 3.91e-06 3.22e-05 3.02e-05
1.95 2.6 0.0006619062 0.0043375542 0.0061660721 0.0024803558 0.0275066276 0.0105016477 0.0004726049 0.0033831193 0.0026190047 0.0050326323 0.0079817552 0.0094340396 0.0134948952 0.158249114 0.0628893812 0.003817911 0.0003519477 1.75e-05 4.38e-05 2.04e-05
1.95 2.65 0.0004934897 0.0041175827 0.0074452522 0.0029454073 0.0226783967 0.0081511105 0.0021271151 0.0029891602 0.0048395878 0.0074837128 0.0076310858 0.006121089 0.0051038822 0.139742683 0.0690145687 0.0071953295 0.0008728728 4.36e-05 4.69e-05 2.58e-06
1.95 2.7 0.0004701752 0.0035037413 0.0070008063 0.001874704 0.0171024326 0.0086016303 0.0045331743 0.0037782501 0.0070213792 0.0086972773 0.0059056332 0.002957556 0.0062350245 0.114041484 0.0719399052 0.0112474692 0.0016218101 6.19e-05 3.79e-05 6.55e-06
1.95 2.75 0.000446571 0.0033925327 0.005755784 0.000379248 0.0156274652 0.0115418487 0.0063883137 0.0047003026 0.0080241512 0.0081418964 0.0033973561 0.0008454605 0.0111435043 0.0837658532 0.0729953292 0.0151519965 0.0024001181 9.28e-05 1.75e-05 1.59e-05
1.95 2.8 0.0003348099 0.0042365 0.0053850514 0.0004000708 0.0210561217 0.0148253934 0.0065798064 0.0048832212 0.0073726126 0.0061720845 0.0011388562 4.06e-05 0.0149456774 0.0532059625 0.0731962568 0.0181361335 0.0031070163 0.000119428 6.87e-06 6.6e-06
1.95 2.85 0.0001728362 0.005471261 0.0068160434 0.002925083 0.0319866456 0.0159201251 0.0050302228 0.0041318394 0.0054812593 0.0038382077 0.0001558744 0.0003748174 0.0153190372 0.0274999331 0.0728561923 0.0198542224 0.0037964075 0.0001276784 2.32e-05 1.31e-05
1.95 2.9 4.65e-05 0.0060794299 0.0093367114 0.0069103649 0.0432987083 0.0136238328 0.002758081 0.0028619717 0.0033709594 0.0023100143 0.0009047176 0.0014237759 0.0126834295 0.0108990573 0.0714823492 0.0204823732 0.0046012604 0.0002588245 4.58e-05 4.64e-05
1.95 2.95 9.25e-07 0.0056953493 0.0112331974 0.0099602083 0.0492319345 0.0088536383 0.0011315795 0.0016506306 0.0020776638 0.0022372121 0.0029556078 0.0025886223 0.0089885159 0.0048646372 0.067942676 0.0204900534 0.0055799287 0.0007239718 4.33e-05 5.34e-05
1.95 3.0 9.66e-06 0.0049803897 0.0114452902 0.0104005196 0.0471804038 0.0039699154 0.0009096 0.0008130182 0.0021118811 0.0034283351 0.0051863687 0.0032394539 0.0060735118 0.0072648027 0.0609276577 0.020317875 0.006609651 0.0014549322 3.22e-05 3.41e-05
1.95 3.05 1.37e-05 0.0048195358 0.0106203897 0.0089878831 0.0397104998 0.0011531114 0.0017732815 0.0003242951 0.0032883363 0.0050199532 0.0063938737 0.0029987182 0.0047008925 0.0133627683 0.0497753409 0.0202023588 0.0074308425 0.0020709502 8.03e-05 3.52e-05
1.95 3.1 7.69e-06 0.0052175738 0.010452149 0.0084961416 0.0333514572 0.0009920988 0.0026558393 5.76e-05 0.0049390687 0.0059942055 0.0059582187 0.0019964465 0.0045676437 0.0181127788 0.0353774812 0.0202047893 0.0078219805 0.002409178 0.0002493253 4.2e-05
1.95 3.15 5.09e-05 0.0053308676 0.0118954757 0.0113361978 0.034534886 0.0022515131 0.0026185916 3.04e-05 0.0062761201 0.0057326218 0.004173828 0.0008312694 0.0048632927 0.018481542 0.0204133353 0.020324468 0.0077488483 0.0029241953 0.0005213475 3.05e-05
1.95 3.2 0.000162814 0.0046309891 0.0141116736 0.0174578774 0.0451642891 0.0029796842 0.0015997187 0.0003828431 0.0067153052 0.0043148256 0.0020259378 0.0001741873 0.0048553057 0.0145199193 0.0083814307 0.0204952813 0.0073632536 0.0042740856 0.0007804747 3.68e-05
1.95 3.25 0.0002731493 0.0035207778 0.0153228943 0.0244635092 0.0610976505 0.0021629139 0.0004295056 0.0011160308 0.0060837624 0.0024226573 0.0005473094 0.0002933933 0.0042307554 0.0086937456 0.0018616623 0.0204717876 0.0068896582 0.006463393 0.0009122065 9.93e-05
1.95 3.3 0.0003103508 0.0027258663 0.0146541713 0.0295681911 0.0748130622 0.0006013865 0.0001007125 0.001901769 0.0046627152 0.0009212849 0.0002041656 0.0008893565 0.0031345711 0.0040441135 0.0011656892 0.0198078037 0.0065209699 0.0085219926 0.0008857435 0.0001987033
1.95 3.35 0.0002713007 0.0025018137 0.0130271249 0.0315081725 0.0802465682 0.0002086717 0.0009036938 0.00224093 0.003045567 0.0003637432 0.0007201117 0.0013779894 0.0019734967 0.0023396254 0.0042511046 0.0180398699 0.0063726927 0.009116519 0.0006944509 0.0002617644
1.95 3.4 0.000204802 0.0024918761 0.0122565202 0.0311035387 0.0764270525 0.0022749512 0.0021672199 0.0018837276 0.0018624325 0.0007235956 0.0014096208 0.001374203 0.0011351818 0.0032842695 0.0079371325 0.0150106457 0.0064832101 0.0076131498 0.0003774805 0.0002312594
2.0 0.4 0.002839885 0.0087800273 0.0219449748 0.142028771 0.279688015 0.165649736 0.05819871 0.0609076893 0.0096643207 0.002990533 0.0038488285 0.0002513673 0.0003503025 7.64e-06 2.67e-05 1.97e-06 1.31e-06 6.22e-06 7.76e-07 1.25e-06
2.0 0.45 0.0050523312 0.0059328791 0.0257322021 0.145247081 0.274147353 0.15041472 0.0596359476 0.0768149476 0.00589245 0.0060083529 0.0014956616 0.000595482 0.0002311544 1.74e-05 2.66e-05 6.51e-06 1.1e-06 2.07e-06 2.31e-06 3.79e-06
2.0 0.5 0.0066620352 0.00346303 0.031777965 0.144031769 0.273291105 0.134183571 0.0609092399 0.088706098 0.0044852414 0.0086978027 0.0001554426 0.0010419992 8.4e-05 4.17e-05 6.35e-06 1.72e-05 3.15e-06 6.46e-06 1.72e-06 2.28e-06
2.0 0.55 0.0068964395 0.0026905775 0.0372788504 0.139646399 0.275876983 0.11957636 0.0616758746 0.094049117 0.0081487196 0.0099129337 0.0005710812 0.001302599 9.3e-06 2.57e-05 3.11e-06 1.66e-05 1.92e-06 7.09e-06 4.15e-07 1.17e-06
2.0 0.6 0.0057189905 0.0039906834 0.0396005064 0.134494421 0.279996813 0.108532619 0.0616410725 0.0925474833 0.0180441896 0.0090661937 0.0025676476 0.0011163591 1.14e-05 7.56e-07 3.03e-05 6.32e-06 9.2e-06 1.45e-06 8.09e-07 9.3e-07
2.0 0.65 0.0037825948 0.0065463188 0.0375840797 0.130954262 0.283323022 0.102124341 0.0608194191 0.0859516437 0.0330966342 0.0064484469 0.0051703608 0.0005643241 3.87e-05 4.23e-05 4.5e-05 7.27e-06 2.1e-05 6.82e-07 7.36e-07 2.66e-07
2.0 0.7 0.0020154137 0.0088386102 0.0320842759 0.130040084 0.283708289 0.100634095 0.0595218399 0.0770492514 0.0504689401 0.0032149594 0.0071589624 0.0001525849 7.08e-05 0.0001338879 2.75e-05 1.71e-05 1.7e-05 3.02e-06 2.26e-06 3.7e-06
2.0 0.75 0.001147293 0.009551635 0.0253920163 0.130665313 0.279896944 0.103747871 0.0580797883 0.0685476776 0.0669581774 0.0009591849 0.0076991795 0.0004602422 0.0001396201 0.000159185 3.15e-05 1.53e-05 3.38e-06 1.38e-06 5.13e-06 5.26e-06
2.0 0.8 0.0014339061 0.0082805326 0.0199031283 0.129997192 0.27201198 0.110685137 0.0565261872 0.0624160788 0.080466026 0.0010179793 0.00667666 0.0016170802 0.0002840726 7.25e-05 9.26e-05 8.08e-06 2.72e-06 2.32e-06 3.4e-06 1.33e-06
2.0 0.85 0.0026390251 0.0056665504 0.0168823795 0.12483301 0.261554092 0.120171028 0.054493247 0.0597563752 0.0907719705 0.003862844 0.0046382259 0.003114002 0.0005018168 2.33e-06 0.0001500338 1.52e-05 1.01e-05 1.16e-05 1.59e-06 7.62e-07
2.0 0.9 0.0042030539 0.002951645 0.0159788026 0.113298946 0.25076628 0.1303753 0.0514752133 0.0609654072 0.0992691086 0.008956072 0.0024860798 0.0041180409 0.0007380313 0.0001044492 0.0001221101 2.8e-05 6.42e-06 1.62e-05 6.68e-06 3.34e-06
2.0 0.95 0.005485512 0.0012268654 0.0156673768 0.0959829621 0.241426246 0.139094162 0.0472967783 0.0658685943 0.107775575 0.0152728211 0.0011167323 0.0040279947 0.0009288665 0.0003404517 3.57e-05 2.52e-05 1.24e-06 8.92e-06 9.39e-06 9.14e-07
2.0 1.0 0.0059773006 0.0008454944 0.0143203446 0.0758015559 0.233626866 0.144334539 0.0424582148 0.0736550262 0.117097689 0.0223532122 0.0010964498 0.002877068 0.0010824058 0.0004966387 1.75e-05 1.23e-05 2.27e-05 9e-06 3.19e-06 2.02e-06
2.0 1.05 0.0054609839 0.0013811475 0.0112456586 0.056651705 0.225368322 0.145097211 0.0380871945 0.0826915502 0.126306709 0.0313219944 0.0024081615 0.0013236397 0.0013295609 0.0004389943 0.0001167556 1.81e-05 6.13e-05 2.02e-05 1.71e-06 1.15e-05
2.0 1.1 0.004126317 0.002077851 0.0070638314 0.0416361784 0.213363195 0.14192187 0.0354353651 0.0905057696 0.133160595 0.0451516431 0.0043242931 0.0002765895 0.001860903 0.0002637196 0.0002019286 5.4e-05 6.79e-05 1.85e-05 9.19e-06 1.19e-05
2.0 1.15 0.0025388687 0.0023918093 0.0031954924 0.03177173 0.194664052 0.136793578 0.0351381104 0.0942271519 0.135436983 0.0676231145 0.0055661589 0.0004495147 0.0027617843 0.000170366 0.0001374163 0.0001013967 3.25e-05 5.05e-06 1.26e-05 4.66e-06
2.0 1.2 0.0013530314 0.0022488254 0.0008399914 0.0258412791 0.168385846 0.132275905 0.0366670277 0.0915720361 0.132323464 0.101119609 0.004995969 0.0021256371 0.0038793362 0.0002597625 2.52e-05 0.0001371318 1.29e-05 9.48e-06 1.07e-05 8.91e-06
2.0 1.25 0.0009141853 0.0019041515 0.0001972696 0.0214946797 0.136607339 0.130154449 0.0384144256 0.0819816562 0.124923405 0.144340925 0.0028169443 0.0051247692 0.0048769976 0.0004904221 0.0001256852 0.0001457252 3.5e-05 3.24e-05 1.56e-05 1.38e-05
2.0 1.3 0.0010713556 0.0015974337 0.0004958912 0.016875468 0.103754062 0.130339027 0.038493691 0.0671880258 0.115567901 0.19134697 0.0016728463 0.0088055487 0.0054698871 0.0007944647 0.0004927779 0.0001154984 4.32e-05 3.98e-05 2.55e-05 5.11e-06
2.0 1.35 0.0013514764 0.0013335366 0.0007364985 0.0116489398 0.0746864695 0.130682882 0.0358218261 0.050719299 0.106361116 0.232723379 0.0067579255 0.0120594941 0.0056527522 0.0012030271 0.0008150882 6.25e-05 1.79e-05 2.84e-05 2.46e-05 1.44e-06
2.0 1.4 0.0013354066 0.0009673386 0.0005155873 0.0067946707 0.0525794923 0.127943465 0.0308279522 0.0365084765 0.0979521337 0.258580334 0.0244116018 0.0134839712 0.0057566339 0.0018559658 0.0007495465 4.55e-05 3.07e-05 2.86e-05 1.29e-05 1.07e-05
2.0 1.45 0.0009416246 0.0004636567 0.0002896914 0.0035153302 0.0378166943 0.11944015 0.025373469 0.0272919909 0.0892970343 0.262181821 0.0594770297 0.0119544263 0.0063255699 0.0028528792 0.0003537419 0.0001029737 0.0001108023 3.99e-05 6.59e-06 1.31e-05
2.0 1.5 0.0004166394 5.42e-05 0.0009003506 0.0021957319 0.0284363142 0.104554782 0.0218841464 0.0235855108 0.0785445385 0.242561908 0.112490465 0.007575411 0.0078605187 0.0040336107 3.57e-05 0.0001812132 0.0001725064 3.38e-05 1.05e-05 7.21e-06
2.0 1.55 7.89e-05 9.61e-05 0.0027506611 0.0021714164 0.021721812 0.0852349292 0.0221105685 0.0237384397 0.0644995843 0.204907213 0.178008858 0.002589852 0.0104758445 0.0049030101 6.46e-05 0.0001935149 0.0001373857 1.14e-05 1.47e-05 1.22e-05
2.0 1.6 4.42e-05 0.0007087173 0.0053003644 0.0023806273 0.0158116003 0.0651393598 0.0261521596 0.0249338864 0.0476919421 0.158522614 0.244956619 0.001608858 0.0135992835 0.0048983735 0.000296233 0.000152967 4.94e-05 2.76e-06 1.45e-05 2.33e-05
2.0 1.65 0.0001630625 0.0015330695 0.0073022919 0.0022953036 0.0103783131 0.0479446505 0.0322607483 0.0245882148 0.0304696828 0.113338061 0.299236457 0.010752581 0.0159437435 0.003953808 0.0004277024 0.0001571761 8.26e-06 1.85e-05 1.7e-05 1.98e-05
2.0 1.7 0.00022276 0.0019514064 0.0076285026 0.0023634648 0.0061759197 0.0357291 0.0375963591 0.0215429466 0.0160818703 0.0765609792 0.328002586 0.0356290306 0.0159908102 0.0029089057 0.0003515798 0.0002287998 2.87e-05 3.09e-05 2.5e-05 6.19e-06
