inputdata/efficiency.csv
# %ECSV 0.9
# ---
# datatype:
# - {name: wavelength, unit: nm, datatype: float64}
# - {name: angle, unit: deg, datatype: float64}
# - {name: '4', datatype: float64}
# - {name: '3', datatype: float64}
# - {name: '2', datatype: float64}
# - {name: '1', datatype: float64}
# - {name: '0', datatype: float64}
# - {name: '-1', datatype: float64}
# - {name: '-2', datatype: float64}
# - {name: '-3', datatype: float64}
# - {name: '-4', datatype: float64}
# - {name: '-5', datatype: float64}
# - {name: '-6', datatype: float64}
# - {name: '-7', datatype: float64}
# - {name: '-8', datatype: float64}
# - {name: '-9', datatype: float64}
# - {name: '-10', datatype: float64}
# - {name: '-11', datatype: float64}
# - {name: '-12', datatype: float64}
# - {name: '-13', datatype: float64}
# - {name: '-14', datatype: float64}
# - {name: '-15', datatype: float64}
# meta: !!omap
# - {Author: Ralf Heilmann}
# - {ORIGFILE: Si_4um_deep_30pct_dc_extended.csv}
# - {Description: Calculated grating efficiencies}
# - {Grating: Si 4 my deep}
# schema: astropy-2.0
wavelength angle 4 3 2 1 0 -1 -2 -3 -4 -5 -6 -7 -8 -9 -10 -11 -12 -13 -14 -15
[from data line 2673]
0.73 2.9 0.0001238586 0.0003592791 0.0030216672 0.0034324537 0.883530934 0.0003549815 0.0009764145 1.59e-06 0.0006984008 0.0001667697 5.35e-05 3.33e-05 1.58e-05 4.57e-05 7.46e-06 6.84e-06 5.3e-06 2.2e-06 7.27e-07 3.47e-06
0.73 2.95 0.0001137335 0.000397903 0.0038843072 0.0056274198 0.882485353 8.81e-06 0.0003989479 8.52e-06 0.0006043725 0.0002292615 8.23e-05 3.88e-05 1.42e-05 3.1e-05 4.44e-06 2.36e-06 1.36e-05 5.11e-06 8.19e-07 3.87e-06
0.73 3.0 9.9e-05 0.0004285595 0.004744148 0.0080662796 0.878560127 0.0004168742 7.74e-05 1.8e-05 0.0004870904 0.0002799511 9.35e-05 3.57e-05 1.45e-05 9.51e-06 5.38e-06 2.72e-06 1.56e-05 3.9e-06 1.63e-06 4.97e-06
0.73 3.05 8.39e-05 0.0004339919 0.0055084174 0.0107982746 0.873754337 0.0014855462 8.35e-06 2.48e-05 0.0003582761 0.000297455 8.22e-05 2.82e-05 1.77e-05 7.94e-07 8.07e-06 7.2e-06 7.45e-06 5.29e-07 2.06e-06 4.48e-06
0.73 3.1 7.04e-05 0.0004440275 0.0061802499 0.0137916822 0.869850899 0.003073138 0.0001901787 3.45e-05 0.000237568 0.0002786447 5.67e-05 2.22e-05 2.29e-05 9.59e-06 8.66e-06 7.89e-06 6.18e-07 1.41e-06 8.23e-07 2.82e-06
0.73 3.15 6.01e-05 0.0004306201 0.0067078954 0.0168872273 0.864092551 0.005186014 0.0005933041 4.2e-05 0.0001393851 0.0002233517 2.97e-05 1.96e-05 2.41e-05 2.16e-05 6.29e-06 3.57e-06 5.09e-06 5.12e-06 8.75e-08 2.21e-06
0.73 3.2 5.57e-05 0.0004226065 0.0070994671 0.0200538439 0.858737807 0.0075919599 0.0011693896 5.82e-05 7.07e-05 0.0001500571 1.14e-05 2.09e-05 1.89e-05 2.31e-05 3.8e-06 5.82e-07 1.32e-05 4.75e-06 1.11e-06 2.78e-06
0.73 3.25 5.66e-05 0.0004053959 0.007329467 0.0233883376 0.852888387 0.0102530497 0.0018957572 8.21e-05 2.9e-05 7.72e-05 4.31e-06 2.46e-05 9.45e-06 1.35e-05 4.62e-06 1.82e-06 1.08e-05 1.1e-06 1.66e-06 2.52e-06
0.73 3.3 6.1e-05 0.0003907929 0.0074187903 0.0265986002 0.846044287 0.0132178225 0.0027054825 0.0001197534 1.46e-05 2.28e-05 6.62e-06 2.81e-05 2.71e-06 3.4e-06 7.17e-06 5.04e-06 2.13e-06 1.57e-06 7.49e-07 2.54e-06
0.73 3.35 7.06e-05 0.0003761005 0.0073333522 0.0297635054 0.838302558 0.0162943089 0.0035541884 0.0001662671 2.04e-05 4.97e-07 1.3e-05 3.22e-05 3.69e-06 1.77e-06 6.9e-06 6.18e-06 1.33e-06 5.85e-06 1.32e-08 2.56e-06
0.73 3.4 8.03e-05 0.0003705146 0.0071232285 0.0329973535 0.832346194 0.0194447296 0.0044265698 0.0002198446 3.66e-05 1.36e-05 2.17e-05 3.46e-05 1.38e-05 1.03e-05 3.82e-06 3.94e-06 8.9e-06 5.93e-06 6.03e-07 1.64e-06
0.74 0.4 0.0145322185 0.0529200624 0.0555592955 0.130553905 0.364519435 0.0939223234 0.0608812072 0.0651224986 0.0451222147 0.0172259382 0.0214952076 0.0081482391 0.0001654601 0.0002922032 5.17e-05 1.97e-05 4.1e-05 4.95e-06 9.9e-06 8.4e-06
0.74 0.45 0.0121946706 0.0548825319 0.0564707008 0.142220905 0.336589833 0.100814354 0.0598947737 0.0627814775 0.0450992127 0.0180477768 0.025722875 0.0141142756 0.0005887696 0.0003099068 0.0001762559 2.62e-05 3.85e-05 3.71e-06 9.91e-06 2.8e-06
0.74 0.5 0.0097783679 0.0563386027 0.057674584 0.154857259 0.307282953 0.108724653 0.0587596629 0.0597459646 0.0439536117 0.01851749 0.02937165 0.0216806901 0.0017664429 0.0002258499 0.0005297635 1.61e-05 1.94e-05 3.24e-05 4.12e-06 6.89e-06
0.74 0.55 0.0074174902 0.0570102459 0.0591682171 0.168101644 0.277036653 0.117729403 0.0575841167 0.0563256408 0.0418099052 0.0185618122 0.0321579624 0.0301263613 0.0041299833 9.42e-05 0.0009525848 1.12e-05 1.44e-05 6.85e-05 5.78e-06 1.89e-05
0.74 0.6 0.0052908055 0.0565512886 0.0610988949 0.181518811 0.246499982 0.12792448 0.0565051042 0.0528563843 0.038940796 0.0181727118 0.033809264 0.0383806903 0.007932827 8.97e-05 0.0011385422 8.77e-05 7.13e-05 5.89e-05 1.77e-05 1.25e-05
0.74 0.65 0.0035719689 0.0545952482 0.063622079 0.194702272 0.216592655 0.139320232 0.0556497512 0.0496962 0.0357438066 0.0174137627 0.0341179045 0.045206429 0.0130024982 0.0005190478 0.0008522015 0.000300254 0.0001718392 7.87e-06 2.83e-05 1.01e-07
0.74 0.7 0.00238446 0.0509234721 0.0667164969 0.207274465 0.188422859 0.151751689 0.0551058883 0.0472023179 0.0326527048 0.0163804566 0.0330389164 0.0495174227 0.0186393136 0.0017224832 0.0002542446 0.0005507672 0.0002084233 2.66e-05 3.31e-05 1.58e-05
0.74 0.75 0.0017193633 0.0456696902 0.0701435474 0.218894973 0.163121254 0.164887811 0.0549542864 0.0456875982 0.0300159478 0.015172757 0.0307202785 0.0506564648 0.0237799701 0.0038718929 3.28e-05 0.0006000749 0.0001248165 0.0001668032 3.23e-05 3.78e-05
0.74 0.8 0.0014058459 0.0393484808 0.0734944836 0.229495554 0.141490929 0.178302598 0.055254898 0.0452945407 0.027981486 0.0138771222 0.0274164696 0.0484620196 0.0273406615 0.0067780539 0.0011356446 0.0003261688 1.98e-05 0.000284701 2.75e-05 2.53e-05
0.74 0.85 0.0012529154 0.0325968367 0.0762626583 0.239336105 0.123763917 0.191575428 0.0559903537 0.0459169434 0.0264852776 0.0125463129 0.0234078263 0.0432512436 0.0285465215 0.0098420867 0.00427589 2.22e-05 4.09e-05 0.0002113663 3.68e-05 8.77e-07
0.74 0.9 0.0011585804 0.025984972 0.0779572482 0.248597481 0.109821907 0.204329055 0.0570631392 0.0472975321 0.0253584902 0.0111859055 0.0189914205 0.035836532 0.0271361264 0.0122350742 0.0094384751 0.0004356198 0.0001987428 3.62e-05 7.16e-05 1.84e-05
0.74 0.95 0.0010713874 0.0199898351 0.0783694829 0.257013913 0.099536696 0.216198309 0.0584073181 0.0491864472 0.024402653 0.0097638876 0.0145188299 0.0273896472 0.0234156089 0.0132285941 0.0155954531 0.0024248891 0.0003449619 9.59e-05 8.57e-05 5.6e-05
0.74 1.0 0.0009646252 0.0148409881 0.0777402293 0.264032276 0.0927881709 0.227028273 0.0601035567 0.0513480742 0.0233908723 0.0082669609 0.0103757708 0.0191240564 0.0181940944 0.0125037627 0.020913004 0.0063584207 0.0003735675 0.0005453088 3.81e-05 3.82e-05
0.74 1.05 0.0008380824 0.0105487191 0.0764334334 0.269220199 0.0894953471 0.237022227 0.0623307953 0.053503565 0.022122689 0.0067552219 0.0068932331 0.01201073 0.012566801 0.0102942931 0.0235015262 0.0116148154 0.0004419707 0.000997037 3.84e-05 8.51e-07
0.74 1.1 0.0006896883 0.0071825679 0.0745076326 0.272455674 0.0897459945 0.246428237 0.0651673485 0.0553510765 0.0205306122 0.0053477388 0.0042527966 0.006641714 0.0075793164 0.0072808126 0.0223647387 0.0165851517 0.0009105624 0.0008667135 0.0002475102 5.04e-05
0.74 1.15 0.0005176167 0.0048856124 0.0717796529 0.273999949 0.0935838017 0.255093977 0.0684761605 0.0566181618 0.0186778833 0.0041458198 0.0024625974 0.0031808254 0.0038916246 0.0042997544 0.0179458484 0.0193454271 0.0019630629 0.0002423347 0.0005253102 0.0001353267
0.74 1.2 0.0003478814 0.0036415487 0.0680882602 0.274558548 0.10057857 0.262497956 0.071922454 0.0570124796 0.0166416366 0.0031819937 0.0013861927 0.0013755245 0.0016354955 0.0020047399 0.0118813912 0.0187129007 0.0032804715 0.0001565049 0.0004709523 0.0001158932
0.74 1.25 0.0002166868 0.0032422642 0.0633889148 0.274985429 0.109865075 0.268149624 0.0750368512 0.0561706701 0.0144446109 0.0024276301 0.0007996317 0.0006965506 0.0005338431 0.0006530793 0.006140215 0.0149647721 0.0041762898 0.0015867406 0.000136642 3.01e-05
0.74 1.3 0.0001326946 0.0034270765 0.057879971 0.275578637 0.120706481 0.271847685 0.077299317 0.0537476184 0.0121028713 0.001830673 0.0004756038 0.0005767778 0.0001517227 0.0001202877 0.0021319875 0.0096664696 0.0041147966 0.0041877133 0.0004610683 1.86e-05
0.74 1.35 8.35e-05 0.0039476015 0.0521455204 0.275521475 0.133061927 0.273750326 0.0783249754 0.0496043797 0.0096863907 0.0013372531 0.0002628772 0.000609648 0.0001001608 7.82e-05 0.0002658251 0.0047427976 0.0031339052 0.0063265471 0.0024595217 8.93e-05
0.74 1.4 5.96e-05 0.0045773402 0.0467592288 0.273585769 0.147572645 0.274464568 0.0781464398 0.0439916134 0.00733158 0.0009085707 0.0001329538 0.0006171748 0.0001270281 0.0002048454 6.76e-05 0.001491693 0.0018152055 0.0064717747 0.0058578704 0.0002136
0.74 1.45 5.2e-05 0.0051895255 0.0417864681 0.269269625 0.165047733 0.27486068 0.0771349957 0.0374905579 0.0052178637 0.000545525 0.0001449433 0.0005917668 0.0001268859 0.0003029413 0.0006211763 0.0001476014 0.0008252284 0.0045168298 0.0088279358 0.0005218519
0.74 1.5 5.06e-05 0.0056678101 0.037036625 0.262669583 0.186147278 0.275446197 0.0755227281 0.0307245929 0.0035176632 0.0002803304 0.0003390785 0.0005836619 9.72e-05 0.000301593 0.0010831289 9.47e-05 0.0004204519 0.0018705169 0.0093768169 0.0011201452
0.74 1.55 5.1e-05 0.0058041614 0.0325908131 0.254171592 0.21077641 0.275666706 0.0732076836 0.0242448813 0.0023511968 0.0001365248 0.0006781156 0.0006252546 6.79e-05 0.000218239 0.0010743072 0.0004535756 0.0003739933 0.0002426476 0.0071142642 0.0017575728
0.74 1.6 6.07e-05 0.005581605 0.0286253654 0.244544147 0.237725457 0.274266758 0.0699948325 0.0184760662 0.0017030018 0.0001080534 0.0010580015 0.000686965 4.93e-05 0.0001194268 0.0007073064 0.0006196928 0.000333799 0.0001756755 0.0036091636 0.0019521403
0.74 1.65 9.46e-05 0.0051324446 0.0252185704 0.234129152 0.266059263 0.270527465 0.065778375 0.0135670608 0.0013983698 0.0001701862 0.0013340685 0.0006837353 3.31e-05 6.48e-05 0.000295774 0.0004711816 0.0001775121 0.0008021701 0.0009730244 0.0015336393
0.74 1.7 0.0001692259 0.0044842877 0.0225629675 0.222234107 0.296049565 0.264459092 0.0606106896 0.0095183692 0.0012488809 0.0002878496 0.001387212 0.0005667469 1.73e-05 6.82e-05 7.29e-05 0.0002108875 2.98e-05 0.0010206479 0.0001118106 0.0008566413
0.74 1.75 0.0002881674 0.0037078682 0.0206133684 0.208279739 0.328184181 0.256359588 0.0548978323 0.0064372708 0.0011555813 0.000417217 0.0012016002 0.0003773746 7.32e-06 0.0001084599 7.56e-05 4.57e-05 2.76e-05 0.0006150071 0.0003484909 0.0003665463
0.74 1.8 0.0004290263 0.0029320016 0.0189909269 0.192667931 0.362683189 0.246937721 0.0493002956 0.0044434298 0.0010679939 0.0005128064 0.000856055 0.0001926199 5.86e-06 0.0001524462 0.000172344 8.38e-06 0.0001385826 0.00013327 0.0005598243 0.0001535165
0.74 1.85 0.000572856 0.0021939824 0.0175691726 0.175978884 0.399574483 0.236745591 0.0441523064 0.0034582557 0.0009604849 0.0005302061 0.000467016 7.09e-05 1.09e-05 0.00016972 0.0002128769 2.14e-05 0.0002106127 2.35e-05 0.0003620374 5.61e-05
0.74 1.9 0.0007086184 0.0015224788 0.0163230607 0.158618203 0.4379608 0.225295778 0.0393082902 0.0032455823 0.0008333432 0.0004454118 0.0001640789 3.73e-05 1.64e-05 0.0001557169 0.0001628984 2.54e-05 0.0001613337 0.0001892021 8.86e-05 1.01e-05
0.74 1.95 0.0007823139 0.0010007541 0.0149991529 0.141463398 0.47608952 0.21183682 0.0346884603 0.0035472307 0.0006841124 0.0002929469 5.65e-05 7.2e-05 1.97e-05 0.0001336875 8.59e-05 1.58e-05 6.13e-05 0.0002875204 2.18e-05 6.13e-05
0.74 2.0 0.0007872642 0.0006300432 0.0135962088 0.125066267 0.513158127 0.196563433 0.0304802593 0.0041175182 0.0005115912 0.0001482402 0.0001577375 0.0001214393 2.19e-05 0.0001142685 3.8e-05 8.73e-06 1.26e-05 0.0001876122 7.37e-05 0.000138778
0.74 2.05 0.0007547762 0.0003500556 0.0122461121 0.108952389 0.549822069 0.180103917 0.026788036 0.0047499509 0.0003427093 5.8e-05 0.0003609841 0.0001390588 2.04e-05 8.09e-05 2.2e-05 7.35e-06 2.18e-05 3.89e-05 8.32e-05 0.0001085608
0.74 2.1 0.0006621384 0.000171465 0.010785307 0.0933067446 0.585861604 0.162850209 0.023745893 0.0053425333 0.0002132024 3.3e-05 0.0005305298 0.0001142134 1.27e-05 3.84e-05 1.96e-05 4.77e-06 3.99e-05 3.65e-06 4.77e-05 1.91e-05
0.74 2.15 0.0005355642 6.87e-05 0.0092461233 0.0786276444 0.621115117 0.145553685 0.0214931389 0.0057456737 0.0001306058 7.03e-05 0.0005721974 6.34e-05 5.42e-06 1.82e-05 1.92e-05 9.26e-07 4e-05 5.31e-05 2.79e-05 9.55e-06
0.74 2.2 0.000400661 1.31e-05 0.0078128331 0.0647408574 0.656533286 0.128998435 0.0197546749 0.0057728161 8.23e-05 0.0001400324 0.0004665531 1.69e-05 4e-06 3.41e-05 2.12e-05 7.25e-08 2.43e-05 7.09e-05 3.04e-05 5.32e-05
0.74 2.25 0.0002698777 3.29e-07 0.0063342624 0.0520668504 0.690284648 0.112851292 0.0182292131 0.0054784182 5.92e-05 0.0002026959 0.0002900144 1.98e-07 8.88e-06 7.46e-05 3.02e-05 9.37e-07 1.2e-05 3.77e-05 3.35e-05 4.45e-05
0.74 2.3 0.0001625472 5.9e-06 0.0048706025 0.0411276467 0.720501738 0.0970236158 0.0169205253 0.0049750592 5.19e-05 0.0002353768 0.0001299509 8.55e-06 2.27e-05 0.0001029836 3.32e-05 2.82e-06 1.47e-05 5.78e-06 3.07e-05 5.47e-06
0.74 2.35 8.42e-05 1.77e-05 0.0035809822 0.0315478551 0.748222362 0.0821168352 0.0156626857 0.0042795334 5.06e-05 0.0002211602 2.8e-05 2.42e-05 3.82e-05 8.61e-05 2.08e-05 5.39e-06 2.02e-05 3.41e-06 2.23e-05 7.72e-06
0.74 2.4 3.75e-05 2.82e-05 0.0023980941 0.0232185859 0.773195655 0.0680400221 0.0142734975 0.0034934021 5.11e-05 0.0001785286 6.39e-06 3.82e-05 4.3e-05 3.92e-05 5.65e-06 6.49e-06 2.03e-05 1.72e-05 9.53e-06 3.45e-05
0.74 2.45 1.73e-05 3.54e-05 0.0014137372 0.016400825 0.794941159 0.054995795 0.0129018421 0.0027279897 6.13e-05 0.0001492788 5.34e-05 4.61e-05 3.43e-05 4.83e-06 8.03e-08 6.09e-06 1.71e-05 1.98e-05 3.26e-06 3.2e-05
0.74 2.5 1.93e-05 4.68e-05 0.0007099182 0.0108014271 0.815264674 0.0436453249 0.0115194398 0.002002212 9.62e-05 0.0001309779 0.0001187098 4.63e-05 1.6e-05 6.44e-06 4.6e-06 4e-06 1.12e-05 7.91e-06 7.78e-06 6.31e-06
0.74 2.55 3.7e-05 5.86e-05 0.0002326208 0.0063698297 0.833774328 0.0337785645 0.0099868139 0.001363745 0.000172055 0.0001135871 0.00016227 4.06e-05 4.79e-06 3.85e-05 1.25e-05 3.38e-06 7.83e-06 1.67e-07 1.11e-05 2.72e-06
0.74 2.6 5.86e-05 8.18e-05 1.6e-05 0.003291785 0.847702116 0.0251137707 0.0085028732 0.000888909 0.0002919608 0.0001076072 0.0001673589 3.14e-05 1.44e-05 6.81e-05 1.56e-05 6.67e-06 9.15e-06 2.55e-06 5.86e-06 1.77e-05
0.74 2.65 8.59e-05 0.0001155283 6.21e-05 0.0012663886 0.858920949 0.0179345241 0.0070680269 0.0005461383 0.0004329543 0.0001006082 0.0001281383 1.98e-05 3.26e-05 5.98e-05 1.09e-05 8.51e-06 9.02e-06 4.77e-06 3.19e-07 1.52e-05
0.74 2.7 0.0001101384 0.0001626979 0.000361521 0.0002092277 0.867592327 0.0120731042 0.0055655809 0.0002915376 0.0005767509 8.87e-05 6.91e-05 8.55e-06 4.46e-05 2.45e-05 4.52e-06 6.72e-06 1.11e-05 3.91e-06 1.96e-06 3.38e-06
0.74 2.75 0.0001242854 0.0002193719 0.0008895475 3.87e-05 0.872011658 0.0073253581 0.004192207 0.0001386886 0.0007116198 8.33e-05 2.08e-05 3.69e-06 4.7e-05 1.11e-06 3.27e-06 6.3e-06 1.55e-05 2.63e-06 6.23e-06 4.79e-06
0.74 2.8 0.0001364268 0.0002763861 0.001569091 0.0006255244 0.875925415 0.0039344187 0.0029623656 4.89e-05 0.0007830927 8.69e-05 3.23e-07 7.08e-06 3.68e-05 8.91e-06 7.04e-06 7.38e-06 1.24e-05 1.09e-06 4.88e-06 9.45e-06
0.74 2.85 0.0001365601 0.0003394089 0.0023837691 0.0019072332 0.878585017 0.0016746514 0.0018592539 6.39e-06 0.0007869457 0.0001176068 1.74e-05 1.79e-05 2.26e-05 3.59e-05 1.06e-05 8.46e-06 4.91e-06 2.67e-07 1.33e-06 7.52e-06
0.74 2.9 0.0001317911 0.0003892616 0.0032679052 0.0037066627 0.878449516 0.000379009 0.0010231312 8.06e-07 0.0007532782 0.0001739426 5.43e-05 3.06e-05 1.6e-05 5.07e-05 8.69e-06 7.81e-06 3.78e-06 1.09e-06 8.67e-07 4.3e-06
0.74 2.95 0.0001193941 0.0004352545 0.0041620378 0.005971156 0.876975119 8.13e-06 0.0004376582 8.74e-06 0.0006593291 0.0002322037 8.89e-05 3.75e-05 1.53e-05 4e-05 4.76e-06 3.53e-06 1.16e-05 4.32e-06 8.63e-07 3.83e-06
0.74 3.0 0.0001059928 0.0004644299 0.0050489006 0.0086649198 0.874454522 0.0004134618 8.7e-05 2.09e-05 0.000532526 0.0002838053 0.0001049048 3.7e-05 1.72e-05 1.62e-05 4.67e-06 2.3e-06 1.73e-05 4.93e-06 1.23e-06 5e-06
0.74 3.05 9.02e-05 0.0004806761 0.0058727974 0.0114820983 0.868951036 0.0015364669 8.92e-06 3.02e-05 0.0003975849 0.0003055365 9.68e-05 3.03e-05 1.86e-05 1.2e-06 7.85e-06 5.88e-06 1.14e-05 1.57e-06 1.72e-06 4.77e-06
0.74 3.1 7.7e-05 0.0004761373 0.0065591754 0.0145920757 0.86352284 0.0032250737 0.0001816233 3.78e-05 0.0002672591 0.000288892 6.94e-05 2.33e-05 2.19e-05 6.13e-06 9.15e-06 8.57e-06 1.98e-06 2.72e-07 1.38e-06 3.63e-06
0.74 3.15 6.68e-05 0.0004769228 0.0071253884 0.0178736086 0.858643332 0.0053654763 0.0006081918 5.01e-05 0.0001605767 0.0002378612 3.71e-05 2.07e-05 2.33e-05 2.07e-05 6.92e-06 5.08e-06 2.37e-06 3.84e-06 2.03e-07 2.4e-06
