inputdata/qe.csv
# %ECSV 0.9
# ---
# datatype:
# - {name: energy, unit: keV, datatype: float64}
# - {name: qe, datatype: float64, description: bare QE assuming BI type CCD}
# meta: !!omap
# - keywords: !!omap
#   - {Author: Eric Miller}
#   - {ORIGFILE: arcus_qe_trans_20171207.txt}
#   - {Description: "QE of Suzaku XIS1 BI CCD from CALDB file ae_xi1_quanteff_20120428.fits,\
#       \ assumes depletion depth 42 microns (see Koyama et al. 2007)"}
#   - {Update: Updated for 10-15 keV from file arcus_qe_trans_20200417.txt}
# schema: astropy-2.0
energy qe
[from data line 1042]
12.715 0.15445
12.720 0.15427
12.725 0.15409
12.730 0.15392
12.735 0.15374
12.740 0.15356
12.745 0.15339
12.750 0.15321
12.755 0.15304
12.760 0.15286
12.765 0.15269
12.770 0.15251
12.775 0.15234
12.780 0.15217
12.785 0.15202
12.790 0.15187
12.795 0.15172
12.800 0.15156
12.805 0.15141
12.810 0.15126
12.815 0.15111
12.820 0.15096
12.825 0.15081
12.830 0.15066
12.835 0.15051
12.840 0.15036
12.845 0.15021
12.850 0.15006
12.855 0.14991
12.860 0.14976
12.865 0.14962
12.870 0.14947
12.875 0.14932
12.880 0.14917
12.885 0.14903
12.890 0.14888
12.895 0.14873
12.900 0.14859
12.905 0.14844
12.910 0.14829
12.915 0.14813
12.920 0.14797
12.925 0.14781
12.930 0.14765
12.935 0.14749
12.940 0.14733
12.945 0.14717
12.950 0.14702
12.955 0.14686
12.960 0.14670
12.965 0.14655
12.970 0.14639
12.975 0.14624
12.980 0.14608
12.985 0.14593
12.990 0.14577
12.995 0.14562
13.000 0.14546
13.005 0.14531
13.010 0.14516
13.015 0.14500
13.020 0.14485
13.025 0.14470
13.030 0.14455
13.035 0.14439
13.040 0.14424
13.045 0.14409
13.050 0.14393
13.055 0.14378
13.060 0.14363
13.065 0.14348
13.070 0.14332
13.075 0.14317
13.080 0.14302
13.085 0.14287
13.090 0.14272
13.095 0.14257
13.100 0.14242
13.105 0.14227
13.110 0.14212
13.115 0.14197
13.120 0.14182
13.125 0.14167
13.130 0.14153
13.135 0.14138
13.140 0.14123
13.145 0.14108
13.150 0.14094
13.155 0.14079
13.160 0.14064
13.165 0.14050
13.170 0.14035
13.175 0.14019
13.180 0.14004
13.185 0.13989
13.190 0.13974
13.195 0.13958
13.200 0.13943
13.205 0.13928
13.210 0.13913
13.215 0.13898
13.220 0.13883
13.225 0.13868
13.230 0.13853
13.235 0.13838
13.240 0.13823
13.245 0.13808
13.250 0.13793
13.255 0.13778
13.260 0.13763
13.265 0.13749
13.270 0.13734
13.275 0.13719
13.280 0.13704
13.285 0.13690
13.290 0.13675
13.295 0.13661
13.300 0.13646
13.305 0.13632
13.310 0.13617
13.315 0.13603
13.320 0.13589
13.325 0.13575
13.330 0.13561
13.335 0.13546
13.340 0.13532
13.345 0.13518
13.350 0.13504
13.355 0.13490
13.360 0.13476
13.365 0.13462
13.370 0.13448
13.375 0.13435
13.380 0.13421
13.385 0.13407
13.390 0.13393
13.395 0.13379
13.400 0.13366
13.405 0.13352
13.410 0.13338
13.415 0.13324
13.420 0.13311
13.425 0.13297
13.430 0.13284
13.435 0.13270
13.440 0.13257
13.445 0.13244
13.450 0.13231
13.455 0.13219
13.460 0.13206
13.465 0.13193
13.470 0.13180
13.475 0.13167
13.480 0.13155
13.485 0.13142
13.490 0.13129
13.495 0.13117
13.500 0.13104
13.505 0.13091
13.510 0.13079
13.515 0.13066
13.520 0.13054
13.525 0.13041
13.530 0.13029
13.535 0.13016
13.540 0.13004
13.545 0.12991
13.550 0.12979
13.555 0.12967
13.560 0.12954
13.565 0.12942
13.570 0.12929
13.575 0.12916
13.580 0.12902
13.585 0.12889
13.590 0.12876
13.595 0.12862
13.600 0.12849
13.605 0.12835
13.610 0.12822
13.615 0.12809
13.620 0.12795
13.625 0.12782
13.630 0.12769
13.635 0.12756
13.640 0.12742
13.645 0.12729
13.650 0.12716
13.655 0.12703
13.660 0.12690
13.665 0.12677
13.670 0.12664
13.675 0.12651
13.680 0.12638
13.685 0.12625
13.690 0.12612
13.695 0.12599
13.700 0.12586
13.705 0.12573
13.710 0.12560
13.715 0.12547
13.720 0.12533
13.725 0.12520
13.730 0.12506
13.735 0.12493
13.740 0.12480
13.745 0.12467
13.750 0.12453
13.755 0.12440
13.760 0.12427
13.765 0.12414
13.770 0.12401
13.775 0.12388
13.780 0.12374
13.785 0.12361
13.790 0.12348
13.795 0.12335
13.800 0.12322
13.805 0.12309
13.810 0.12297
13.815 0.12284
13.820 0.12271
13.825 0.12258
13.830 0.12245
13.835 0.12232
13.840 0.12220
13.845 0.12207
13.850 0.12194
13.855 0.12182
13.860 0.12170
13.865 0.12157
13.870 0.12145
13.875 0.12133
13.880 0.12120
13.885 0.12108
13.890 0.12096
13.895 0.12083
13.900 0.12071
13.905 0.12059
13.910 0.12047
13.915 0.12035
13.920 0.12023
13.925 0.12010
13.930 0.11998
13.935 0.11986
13.940 0.11974
13.945 0.11962
13.950 0.11950
13.955 0.11938
13.960 0.11926
13.965 0.11915
13.970 0.11903
13.975 0.11891
13.980 0.11879
13.985 0.11867
13.990 0.11855
13.995 0.11843
14.000 0.11831
14.005 0.11819
14.010 0.11808
14.015 0.11796
14.020 0.11784
14.025 0.11772
14.030 0.11760
14.035 0.11749
14.040 0.11737
14.045 0.11725
14.050 0.11714
14.055 0.11702
14.060 0.11690
14.065 0.11679
14.070 0.11667
14.075 0.11656
14.080 0.11644
14.085 0.11633
14.090 0.11621
14.095 0.11610
14.100 0.11598
14.105 0.11587
14.110 0.11575
14.115 0.11564
14.120 0.11553
14.125 0.11541
14.130 0.11530
14.135 0.11519
14.140 0.11508
14.145 0.11497
14.150 0.11486
14.155 0.11475
14.160 0.11464
14.165 0.11454
14.170 0.11443
14.175 0.11432
14.180 0.11421
14.185 0.11410
14.190 0.11399
14.195 0.11389
14.200 0.11378
14.205 0.11367
14.210 0.11356
14.215 0.11346
14.220 0.11335
14.225 0.11324
14.230 0.11314
14.235 0.11303
14.240 0.11292
14.245 0.11282
14.250 0.11271
14.255 0.11261
14.260 0.11250
14.265 0.11240
14.270 0.11228
14.275 0.11217
14.280 0.11205
14.285 0.11194
14.290 0.11182
14.295 0.11170
14.300 0.11159
14.305 0.11147
14.310 0.11136
14.315 0.11124
14.320 0.11113
14.325 0.11101
14.330 0.11090
14.335 0.11079
14.340 0.11067
14.345 0.11056
14.350 0.11044
14.355 0.11033
14.360 0.11022
14.365 0.11011
14.370 0.10999
14.375 0.10988
14.380 0.10977
14.385 0.10966
14.390 0.10955
14.395 0.10944
14.400 0.10933
14.405 0.10921
14.410 0.10910
14.415 0.10899
14.420 0.10888
14.425 0.10877
14.430 0.10867
14.435 0.10856
14.440 0.10845
14.445 0.10834
14.450 0.10823
14.455 0.10812
14.460 0.10801
14.465 0.10791
14.470 0.10780
14.475 0.10769
14.480 0.10758
14.485 0.10748
14.490 0.10737
14.495 0.10726
14.500 0.10716
14.505 0.10705
14.510 0.10694
14.515 0.10684
14.520 0.10673
14.525 0.10663
14.530 0.10652
14.535 0.10642
14.540 0.10631
14.545 0.10621
14.550 0.10610
14.555 0.10600
14.560 0.10590
14.565 0.10581
14.570 0.10571
14.575 0.10562
14.580 0.10552
14.585 0.10543
14.590 0.10533
14.595 0.10524
14.600 0.10514
14.605 0.10505
14.610 0.10495
14.615 0.10486
14.620 0.10477
14.625 0.10467
14.630 0.10458
14.635 0.10449
14.640 0.10439
14.645 0.10430
14.650 0.10421
14.655 0.10411
14.660 0.10402
14.665 0.10393
14.670 0.10384
14.675 0.10375
14.680 0.10365
14.685 0.10356
14.690 0.10347
14.695 0.10338
14.700 0.10329
14.705 0.10319
14.710 0.10308
14.715 0.10296
14.720 0.10285
14.725 0.10274
14.730 0.10263
14.735 0.10252
14.740 0.10241
14.745 0.10230
14.750 0.10219
14.755 0.10208
14.760 0.10197
14.765 0.10187
14.770 0.10176
14.775 0.10165
14.780 0.10154
14.785 0.10143
14.790 0.10133
14.795 0.10122
14.800 0.10111
14.805 0.10100
14.810 0.10090
14.815 0.10079
14.820 0.10068
14.825 0.10058
14.830 0.10047
14.835 0.10037
14.840 0.10026
14.845 0.10016
14.850 0.10005
14.855 0.09996
14.860 0.09988
14.865 0.09979
14.870 0.09971
14.875 0.09963
14.880 0.09954
14.885 0.09946
14.890 0.09937
14.895 0.09929
14.900 0.09921
14.905 0.09912
14.910 0.09904
14.915 0.09895
14.920 0.09887
14.925 0.09879
14.930 0.09871
14.935 0.09862
14.940 0.09854
14.945 0.09846
14.950 0.09837
14.955 0.09829
14.960 0.09821
14.965 0.09813
14.970 0.09805
14.975 0.09796
14.980 0.09788
14.985 0.09780
14.990 0.09772
14.995 0.09764
